| raidz
| полезняшка

есть пул который страйп из рейдезов. 
где каждый редйз это raidz2 из четырех дисков.


при чтении с raidz читается толкьо полезный контент.
поэтому если я вижу какойто срупут на дисках этого пула на чтение


dT: 1.003s  w: 1.000s
 L(q)  ops/s    r/s   kBps   ms/r    w/s   kBps   ms/w   %busy Name
    0      0      0      0  0.000      0      0  0.000    0.0| da0
    0      0      0      0  0.000      0      0  0.000    0.0| da1
    0      0      0      0  0.000      0      0  0.000    0.0| da2
    0      0      0      0  0.000      0      0  0.000    0.0| da3
    0     24     24  12255    3.7      0      0  0.000    9.0| da4
    0     24     24  12255    2.4      0      0  0.000    5.7| da5
    0     24     24  12255    2.7      0      0  0.000    6.5| da6
    0     24     24  12255    4.0      0      0  0.000    9.6| da7
    0     23     23  11745    2.3      0      0  0.000    5.2| da8
    0     24     24  12255    3.4      0      0  0.000    8.1| da9
    0     24     24  12255    4.1      0      0  0.000    9.7| da10
    0     23     23  11745    3.3      0      0  0.000    6.9| da11
    0     24     24  12255    3.1      0      0  0.000    7.5| da12
    0     25     25  12766    3.9      0      0  0.000    9.0| da13
    0     24     24  12255    2.5      0      0  0.000    5.9| da14
    0     23     23  11745    2.3      0      0  0.000    5.2| da15
    0     24     24  12255    3.6      0      0  0.000    8.5| da16
    0     25     25  12766    4.5      0      0  0.000    9.7| da17
    0     25     25  12766    3.3      0      0  0.000    8.1| da18
    0     24     24  12255    2.8      0      0  0.000    6.8| da19
    0     24     24  12255    4.1      0      0  0.000    9.7| da20
    0     24     24  12255    3.8      0      0  0.000    9.0| da21
    0     24     24  12255    2.7      0      0  0.000    6.6| da22
    0     24     24  12255    2.9      0      0  0.000    6.9| da23
    0     24     24  12255    3.5      0      0  0.000    8.3| da24
    0     24     24  12255    2.9      0      0  0.000    6.9| da25
    0     24     24  12255    3.4      0      0  0.000    8.1| da26
    0     24     24  12255    2.4      0      0  0.000    5.6| da27
    0     24     24  12255    4.2      0      0  0.000   10.1| da28
    0     24     24  12255    3.1      0      0  0.000    7.4| da29
    0     24     24  12255    4.4      0      0  0.000   10.5| da30
    0     25     25  12766    3.2      0      0  0.000    8.0| da31
    0     23     23  11745    3.6      0      0  0.000    8.4| da32
    0     23     23  11745    2.6      0      0  0.000    6.0| da33
    0     25     25  12766    2.9      0      0  0.000    7.3| da34
    0     25     25  12766    4.8      0      0  0.000   11.2| da35
    0     24     24  12255    3.7      0      0  0.000    8.9| da36
    0     23     23  11745    3.7      0      0  0.000    8.0| da37
    0     24     24  12255    3.1      0      0  0.000    7.3| da38
    0     24     24  12255    5.1      0      0  0.000   11.2| da39
    0      0      0      0  0.000      0      0  0.000    0.0| da40
    0      0      0      0  0.000      0      0  0.000    0.0| da41



тоесть  12255 KB\s то я просто умножаю на число дисков 36
и получаю 430 MB\s скорость полезного чтения на данный момент с этого массива




что касается записи.
берем срупут на одном диске умножаем на число дисков.
и делим на два получаем тот срупут полезный который щас приложение 
получает при записи на массив. 
(на счет поделить на два это в конкртеном случае когда раейдз2 на четырех дисках)

