procs -----------memory---------- ---swap-- -----io---- -system-- ------cpu-----
 r  b   swpd   free   buff  cache   si   so    bi    bo   in   cs us sy id wa st
 0  0      0 8002080  13036 3823016    0    0     1    59    9   13 19  4 77  0  0
 1  0      0 8004700  13036 3823484    0    0     0   141 1273 3115  7  3 89  0  0
 0  0      0 8016956  13036 3823944    0    0     0   194 1213 3039  6  4 90  0  0
 0  0      0 8015988  13036 3823952    0    0     0     2 1185 2942  6  4 90  0  0
 0  0      0 8011216  13036 3824216    0    0     0   306 1191 3033  7  4 90  0  0
 1  0      0 8007968  13036 3825064    0    0     0    66 1061 2660  6  3 92  0  0
 0  0      0 8002424  13036 3824924    0    0     0   120 1205 2951  6  4 90  0  0
 0  0      0 7996380  13036 3826216    0    0     0   149 1315 3451  7  4 89  0  0
 0  0      0 7988316  13036 3826544    0    0     0   235 1261 3219  6  4 90  0  0
 1  0      0 8006416  13036 3826568    0    0     0     2 1202 2732  7  4 90  0  0
 0  0      0 8015240  13036 3826332    0    0     0   360 1308 3558  7  4 88  0  0
 0  0      0 8005412  13036 3827532    0    0     0   146 1113 2788  6  4 90  0  0
 0  0      0 7993316  13036 3828076    0    0     0   120 1101 2665  6  3 90  0  0
 0  0      0 7992544  13036 3836692    0    0     0   134 1224 3147  7  4 89  0  0
 0  0      0 8006880  13036 3828236    0    0     0   152 1429 3271  8  3 89  0  0
 1  0      0 8004668  13036 3828932    0    0     0    64  983 2242  5  2 93  0  0
 1  0      0 7998900  13036 3828960    0    0     0   360 1198 3185  7  2 91  0  0
 0  0      0 7995624  13036 3829224    0    0     0   175 1048 2545  5  2 93  0  0
 1  0      0 7993612  13036 3829584    0    0     0   126 1076 2632  5  2 92  0  0
 2  0      0 7990588  13036 3830192    0    0     0   142 1108 2762  5  2 93  0  0
 1  0      0 7995124  13036 3830672    0    0     0   257 1231 3080  7  2 91  0  0
procs -----------memory---------- ---swap-- -----io---- -system-- ------cpu-----
 r  b   swpd   free   buff  cache   si   so    bi    bo   in   cs us sy id wa st
 0  0      0 7995884  13036 3830708    0    0     0   116 1197 3020  6  2 92  0  0
 1  0      0 7979504  13036 3841596    0    0     0   402 1256 3290  7  2 91  0  0
 2  0      0 7978496  13036 3831656    0    0     0   118 1281 3319  7  3 90  0  0
 0  0      0 7991488  13036 3828036    0    0     0   136 1428 3341  9  3 88  0  0
 3  0      0 7989000  13036 3837804    0    0     0   121 1384 3197 11  3 87  0  0
 5  0      0 7995564  13036 3828884    0    0     0   149 1146 2841  7  3 90  0  0
 0  0      0 8004396  13036 3828980    0    0     0    88 1183 2822  7  2 91  0  0
 0  0      0 8006440  13036 3829488    0    0     0   378 1407 3769  8  3 89  0  0
 0  0      0 7992844  13036 3830124    0    0     0   170 1222 2980  8  5 87  0  0
 2  0      0 7982512  13036 3830432    0    0     0   159 1257 3213  7  2 91  0  0
 0  0      0 7979740  13036 3831108    0    0     0   135 1074 2682  5  2 93  0  0
 1  0      0 7978244  13036 3831080    0    0     0    86 1140 2880  6  2 91  0  0
 0  0      0 7983788  13036 3829348    0    0     0    31 1370 2404  8  2 90  0  0
 2  0      0 8072308  13036 3824212    0    0     0    48 1146 2666  8  2 90  0  0
 1  0      0 8069064  13036 3824592    0    0     0   383 1136 2860  6  2 92  0  0
 1  0      0 8069568  13036 3824784    0    0     0    63 1081 2481  6  2 92  0  0
 0  0      0 8065296  13036 3825104    0    0     0    77 1155 2910  6  2 92  0  0
 1  0      0 8066808  13036 3826752    0    0     0    97 1071 2576  5  2 93  0  0
 3  0      0 8064792  13036 3825420    0    0     0   102 1004 2307  5  2 94  0  0
 2  0      0 8063556  13036 3825928    0    0     0   141 1110 2784  5  2 93  0  0
 1  0      0 8060028  13036 3827020    0    0     0   403 1045 2567  5  2 93  0  0
procs -----------memory---------- ---swap-- -----io---- -system-- ------cpu-----
 r  b   swpd   free   buff  cache   si   so    bi    bo   in   cs us sy id wa st
 2  0      0 8056756  13036 3827504    0    0     0   129 1088 2499  6  2 92  0  0
 1  0      0 8112756  13036 3757524    0    0     0   137 1143 2968  6  2 92  0  0
 1  0      0 8117544  13036 3757896    0    0     0   252 1091 2655  6  2 92  0  0
 2  0      0 8117544  13036 3758036    0    0     0    66 1031 2480  5  2 93  0  0
 1  0      0 8116312  13036 3758024    0    0     0   110 1059 2597  4  2 93  0  0
 0  0      0 8113288  13036 3758572    0    0     0   354 1280 3280  7  3 90  0  0
 0  0      0 8111020  13036 3757324    0    0     0   119 1026 2519  5  2 93  0  0
 1  0      0 8116072  13036 3759512    0    0     0   125 1336 3302  9  3 89  0  0
 2  0      0 8115320  13036 3757680    0    0     0   133 1160 2989  6  2 92  0  0
 1  0      0 8115572  13036 3760420    0    0     0   153 1130 2764  6  2 92  0  0
 1  0      0 8106500  13036 3768144    0    0     0   126 1077 2667  6  2 92  0  0
 1  0      0 8110844  13036 3760928    0    0     0   337 1107 2659  6  3 91  0  0
 1  0      0 8111600  13036 3762016    0    0     0   127 1043 2487  5  3 92  0  0
 0  0      0 8110088  13036 3762508    0    0     0   122 1053 2505  5  2 93  0  0
 0  0      0 8117144  13036 3762952    0    0     0   125 1097 2478  6  2 92  0  0
 1  0      0 8132188  13036 3762336    0    0     0     6  993 2224  5  2 93  0  0
 1  0      0 8127920  13036 3763492    0    0     0   199 1067 2668  5  2 93  0  0
 0  0      0 8124392  13036 3763956    0    0     0   339 1046 2477  5  3 92  0  0
 0  0      0 8121620  13036 3764428    0    0     0   125 1033 2487  5  2 93  0  0
 0  0      0 8118348  13036 3764896    0    0     0   126 1074 2491  5  3 92  0  0
 0  0      0 8114064  13036 3764740    0    0     0   117 1115 2513  6  3 91  0  0
procs -----------memory---------- ---swap-- -----io---- -system-- ------cpu-----
 r  b   swpd   free   buff  cache   si   so    bi    bo   in   cs us sy id wa st
 1  0      0 8113812  13036 3765380    0    0     0   112 1010 2224  5  2 92  0  0
 0  0      0 8112300  13036 3765888    0    0     0   234 1109 2699  5  3 92  0  0
 1  0      0 8109540  13036 3766312    0    0     0   475 1058 2491  5  2 93  0  0
 0  0      0 8107776  13036 3766820    0    0     0   143 1098 2682  5  2 92  0  0
 0  0      0 8104752  13036 3767300    0    0     0   126 1062 2481  5  3 92  0  0
 1  0      0 8103996  13036 3767772    0    0     0   130 1059 2505  5  3 93  0  0
 0  0      0 8108028  13036 3767780    0    0     0     5 1050 2191  6  2 91  0  0
 0  0      0 8120436  13036 3768252    0    0     0   190 1066 2546  5  3 92  0  0
 2  0      0 8115156  13036 3768764    0    0     0   346 1060 2508  5  2 93  0  0
 1  0      0 8112636  13036 3769212    0    0     0   128 1084 2534  5  2 92  0  0
 1  0      0 8109360  13036 3769712    0    0     0   130 1064 2646  5  2 93  0  0
 1  0      0 8104572  13036 3770168    0    0     0   124 1124 2504  6  2 91  0  0
 0  0      0 8105332  13036 3770156    0    0     0     2  994 2198  5  2 93  0  0
 0  0      0 8119556  13036 3770668    0    0     0   203 1052 2527  5  2 93  0  0
 0  0      0 8116040  13036 3771144    0    0     0   124 1057 2499  5  2 93  0  0
 2  0      0 8113268  13036 3771608    0    0     0   342 1046 2489  5  2 93  0  0
 1  0      0 8093148  13036 3779488    0    0     0   126 1111 2718  6  3 91  0  0
 1  0      0 8094664  13036 3771988    0    0     0   130 1259 3012  7  3 90  0  0
 0  0      0 8110528  13036 3772584    0    0     0     2 1005 2291  5  2 94  0  0
 0  0      0 8128952  13036 3781568    0    0     0   173 1168 2909  7  3 90  0  0
 2  0      0 8114844  13036 3773560    0    0     0   131 1101 2703  6  2 92  0  0
procs -----------memory---------- ---swap-- -----io---- -system-- ------cpu-----
 r  b   swpd   free   buff  cache   si   so    bi    bo   in   cs us sy id wa st
 1  0      0 8110320  13036 3773452    0    0     0   338 1035 2479  5  2 93  0  0
 0  0      0 8115360  13036 3757128    0    0     0   174 1091 2714  5  2 93  0  0
 0  0      0 8112084  13036 3756044    0    0     0   142 1117 2849  5  2 93  0  0
 0  0      0 8116368  13036 3758268    0    0     0     2 1069 2326  6  2 93  0  0
 0  0      0 8115864  13036 3755852    0    0     0   245 1194 3045  6  3 91  0  0
 1  0      0 8114856  13036 3758592    0    0     0   221 1208 3126  6  3 91  0  0
 0  0      0 8113104  13036 3759084    0    0     0   338 1086 2671  6  2 92  0  0
 1  0      0 8112852  13036 3759556    0    0     0   130 1275 2881  6  2 91  0  0
 0  0      0 8112352  13036 3757896    0    0     0   619 1149 2950  6  2 92  0  0
 0  0      0 8110088  13036 3760060    0    0     0     2 1067 2478  6  2 93  0  0
 0  0      0 8134848  13036 3761176    0    0     0   364 1080 2454  6  2 93  0  0
 0  0      0 8130820  13036 3762028    0    0     0   123 1074 2644  5  2 93  0  0
 0  0      0 8126300  13036 3761484    0    0     0   343 1122 2773  5  2 92  0  0
 1  0      0 8123024  13036 3761960    0    0     0   134 1169 3088  6  2 93  0  0
 3  0      0 8120756  13036 3760836    0    0     0   132 1085 2649  5  2 93  0  0
 0  0      0 8119256  13036 3762388    0    0     0     2 1117 2705  6  2 92  0  0
 0  0      0 8115728  13036 3776148    0    0     0   114 1133 2701  6  2 92  0  0
 0  0      0 8124044  13036 3771340    0    0     0   202 1273 3219  7  3 91  0  0
 4  0      0 8119764  13036 3764220    0    0     0   357 1168 2929  6  2 92  0  0
 1  0      0 8117272  13036 3764948    0    0     0   113 1019 2462  5  2 93  0  0
 2  0      0 8114000  13036 3765124    0    0     0    65 1002 2387  5  2 93  0  0
procs -----------memory---------- ---swap-- -----io---- -system-- ------cpu-----
 r  b   swpd   free   buff  cache   si   so    bi    bo   in   cs us sy id wa st
 1  0      0 8109464  13036 3765000    0    0     0     2 1001 2409  5  2 93  0  0
 0  0      0 8108960  13036 3765184    0    0     0     2  977 2200  5  2 94  0  0
 1  0      0 8107196  13036 3764544    0    0     0    36 1054 2421  6  2 92  0  0
 1  0      0 8102408  13036 3764528    0    0     0   218 1239 3086  7  2 91  0  0
 1  0      0 8102156  13036 3772540    0    0     0     2 1065 2483  6  2 93  0  0
 1  0      0 8101904  13036 3764548    0    0     0     4  998 2318  5  2 93  0  0
 1  0      0 8109728  13036 3764588    0    0     0   109 1108 2456  6  2 92  0  0
 1  0      0 8116544  13036 3764548    0    0     0     2  964 2201  5  2 93  0  0
 1  0      0 8115288  13036 3764572    0    0     0   125 1047 2416  5  2 93  0  0
 2  0      0 8111256  13036 3772292    0    0     0   262 1017 2334  6  2 92  0  0
 1  0      0 8114532  13036 3765204    0    0     0     0  974 2198  5  1 93  0  0
11  0      0 8110260  13036 3762308    0    0     0     2 1111 2710  5  2 93  0  0
 1  0      0 8128864  13036 3769988    0    0     0     8 1271 3334  7  2 91  0  0
 0  0      0 8123604  13036 3769408    0    0     0     0  915 2126  4  1 95  0  0
 1  0      0 8122344  13036 3767380    0    0     0    88  898 2004  4  1 95  0  0
 0  0      0 8121852  13036 3764400    0    0     0     6  759 1463  3  1 95  0  0
 0  0      0 8115832  13036 3766600    0    0     0   272  781 1504  4  1 95  0  0
 1  0      0 8115580  13036 3767196    0    0     0     0  691 1242  3  1 96  0  0
 2  0      0 8103496  13036 3779780    0    0     0     0  667 1319  3  1 95  0  0
 1  0      0 8119096  13036 3772204    0    0     0     6  665 1278  4  1 95  0  0
 1  0      0 8116644  13036 3766600    0    0     0     9  691 1379  3  1 96  0  0
procs -----------memory---------- ---swap-- -----io---- -system-- ------cpu-----
 r  b   swpd   free   buff  cache   si   so    bi    bo   in   cs us sy id wa st
 2  0      0 8116392  13036 3764256    0    0     0    10  652 1373  3  1 97  0  0
 1  0      0 8115652  13036 3766540    0    0     0     0  731 1541  3  1 95  0  0
 1  0      0 8115148  13036 3766524    0    0     0   214  626 1210  2  1 97  0  0
 1  0      0 8114896  13036 3766520    0    0     0     0  595 1090  2  1 97  0  0
 1  0      0 8114644  13036 3767156    0    0     0     0  575 1046  2  1 97  0  0
 0  0      0 8113400  13036 3767148    0    0     0    62  613 1102  2  1 97  0  0
 0  0      0 8113400  13036 3767144    0    0     0     3  583 1051  2  1 97  0  0
 0  0      0 8113400  13036 3767148    0    0     0     1  599 1104  3  1 96  0  0
 1  0      0 8103836  13036 3775384    0    0     0   205  630 1171  3  1 96  0  0
 1  0      0 8115460  13036 3778712    0    0     0   107  754 1615  4  1 95  0  0
 0  0      0 8125468  13036 3764988    0    0     0     6  749 1509  4  1 94  0  0
 0  0      0 8119212  13036 3766560    0    0     0   134  710 1499  3  1 96  0  0
 0  0      0 8111904  13036 3771568    0    0     0     2  617 1174  3  1 97  0  0
 1  0      0 8120472  13036 3766560    0    0     0   110  685 1361  3  1 96  0  0
 1  0      0 8117712  13036 3766560    0    0     0     3  690 1431  3  1 96  0  0
 1  0      0 8116456  13036 3766524    0    0     0     0  602 1130  3  1 97  0  0
 0  0      0 8119480  13036 3764904    0    0     0     0  704 1494  3  1 95  0  0
 0  0      0 8114944  13036 3766564    0    0     0     0  607 1140  3  1 97  0  0
 1  0      0 8110660  13036 3766548    0    0     0    19  623 1175  2  1 97  0  0
 3  0      0 8123100  13036 3767192    0    0     0     0  626 1105  2  1 96  0  0
 0  0      0 8123380  13036 3767156    0    0     0   167  629 1104  4  1 95  0  0
procs -----------memory---------- ---swap-- -----io---- -system-- ------cpu-----
 r  b   swpd   free   buff  cache   si   so    bi    bo   in   cs us sy id wa st
 1  0      0 8123884  13036 3766560    0    0     0     0  637 1283  3  1 96  0  0
 0  0      0 8121636  13036 3766564    0    0     0    47  612 1201  3  1 96  0  0
 0  0      0 8177948  13036 3762536    0    0     0     0  820 1267  6  4 91  0  0
 2  0      0 8175180  13036 3762580    0    0     0    43  713 1569  3  1 96  0  0
 0  0      0 8171188  13036 3763200    0    0     0     0  586 1087  3  1 97  0  0
 0  0      0 8168936  13036 3763216    0    0     0   173  597 1064  2  1 97  0  0
 0  0      0 8182180  13036 3763196    0    0     0     1  593 1072  3  1 97  0  0
 1  0      0 8180192  13036 3763176    0    0     0     4  619 1116  2  1 97  0  0
 1  0      0 8178432  13036 3763224    0    0     0     0  572 1041  2  1 97  0  0
 1  0      0 8175156  13036 3764216    0    0     0    29  606 1100  2  1 97  0  0
 0  0      0 8173392  13036 3763176    0    0     0     2  599 1083  2  1 97  0  0
 0  0      0 8171628  13036 3763180    0    0     0   205  604 1106  3  1 97  0  0
 1  0      0 8186560  13036 3763180    0    0     0    97  600 1081  2  1 97  0  0
 1  0      0 8185332  13036 3763196    0    0     0     1  600 1088  2  1 97  0  0
 0  0      0 8183832  13036 3763196    0    0     0    42  602 1092  2  1 97  0  0
 0  0      0 8182572  13036 3763184    0    0     0    43  599 1094  2  1 97  0  0
 2  0      0 8180068  13036 3763184    0    0     0     2  603 1066  2  1 97  0  0
 0  0      0 8179072  13036 3763200    0    0     0    17  609 1082  2  1 97  0  0
 1  0      0 8177308  13036 3764696    0    0     0   214  640 1318  3  1 96  0  0
 0  0      0 8175040  13036 3761176    0    0     0     0  661 1392  3  1 96  0  0
 0  0      0 8172268  13036 3761808    0    0     0     1  591 1078  2  1 97  0  0
procs -----------memory---------- ---swap-- -----io---- -system-- ------cpu-----
 r  b   swpd   free   buff  cache   si   so    bi    bo   in   cs us sy id wa st
 0  0      0 8170760  13036 3761124    0    0     0    16  696 1468  3  1 96  0  0
 0  0      0 8168264  13036 3761180    0    0     0     2  634 1282  3  1 96  0  0
 1  0      0 8165744  13036 3759496    0    0     0     1  635 1195  2  1 97  0  0
 0  0      0 8178540  13036 3761164    0    0     0   215  657 1327  3  1 96  0  0
 1  0      0 8176780  13036 3761164    0    0     0     1  696 1454  3  1 96  0  0
 0  0      0 8174516  13036 3761168    0    0     0     0  616 1165  3  1 97  0  0
 1  0      0 8174520  13036 3758900    0    0     0    17  816 1860  4  1 95  0  0
 1  0      0 8178672  13036 3761292    0    0     0     2  853 2016  5  2 94  0  0
 1  0      0 8173160  13036 3769076    0    0     0     6  676 1329  3  2 95  0  0
 0  0      0 8171144  13036 3761796    0    0     0     0  648 1123  3  1 96  0  0
 0  0      0 8168880  13036 3761788    0    0     0   186  608 1094  2  1 96  0  0
 0  0      0 8166612  13036 3761792    0    0     0     0  635 1158  3  1 96  0  0
 0  0      0 8165856  13036 3761800    0    0     0    12  615 1107  3  1 96  0  0
 0  0      0 8163084  13036 3761808    0    0     0    34  649 1143  3  1 96  0  0
 1  0      0 8178072  13036 3761840    0    0     0     4  643 1134  2  1 96  0  0
 0  0      0 8175580  13036 3761844    0    0     0   107  643 1157  3  1 96  0  0
 1  0      0 8174332  13036 3761812    0    0     0     0  618 1086  2  1 97  0  0
 1  0      0 8174332  13036 3761808    0    0     0    41  630 1121  3  1 96  0  0
 1  0      0 8174080  13036 3761792    0    0     0   266  615 1093  2  2 96  0  0
 1  0      0 8172572  13036 3761780    0    0     0    78  623 1102  3  1 96  0  0
 1  0      0 8170812  13036 3761820    0    0     0     6  638 1130  3  1 96  0  0
procs -----------memory---------- ---swap-- -----io---- -system-- ------cpu-----
 r  b   swpd   free   buff  cache   si   so    bi    bo   in   cs us sy id wa st
 0  0      0 8171064  13036 3768440    0    0     0     0  620 1152  3  1 96  0  0
 0  0      0 8178628  13036 3761176    0    0     0     0  590 1079  2  1 97  0  0
 0  0      0 8178628  13036 3761816    0    0     0     0  580 1072  2  1 97  0  0
 0  0      0 8176364  13036 3761816    0    0     0   186  593 1067  2  1 97  0  0
 1  0      0 8185812  13036 3761284    0    0     0    20  649 1274  4  1 95  0  0
 1  0      0 8184584  13036 3761204    0    0     0     2  650 1253  3  1 96  0  0
 0  0      0 8182824  13036 3761188    0    0     0     1  641 1253  3  1 96  0  0
 3  0      0 8181828  13036 3761176    0    0     0     0  626 1198  3  1 96  0  0
 0  0      0 8179320  13036 3761832    0    0     0     0  605 1084  3  1 96  0  0
 0  0      0 8178564  13036 3761828    0    0     0     0  587 1054  2  1 97  0  0
 1  0      0 8177056  13036 3761168    0    0     0   197  645 1272  3  1 96  0  0
 1  0      0 8176304  13036 3761824    0    0     0     2  589 1056  2  1 97  0  0
 1  0      0 8175800  13036 3761828    0    0     0     0  593 1092  2  1 97  0  0
 0  0      0 8175560  13036 3761828    0    0     0     1  568 1036  2  1 97  0  0
 0  0      0 8175068  13036 3761812    0    0     0     0  590 1082  3  1 96  0  0
 1  0      0 8178852  13036 3761172    0    0     0     0  701 1453  3  1 96  0  0
 0  0      0 8177596  13036 3761192    0    0     0   202  624 1197  3  1 96  0  0
 1  0      0 8177608  13036 3761216    0    0     0     0  647 1318  3  1 96  0  0
 0  0      0 8189756  13036 3761848    0    0     0   115  681 1358  4  2 95  0  0
 0  0      0 8188496  13036 3761820    0    0     0    30  594 1077  2  2 96  0  0
 0  0      0 8108108  13036 3827752    0    0     0    79 1633 5055 12  5 83  0  0
procs -----------memory---------- ---swap-- -----io---- -system-- ------cpu-----
 r  b   swpd   free   buff  cache   si   so    bi    bo   in   cs us sy id wa st
 0  0      0 8480028  13036 3800080    0    0     0     5 1935 5771 18  7 75  0  0
 8  0      0 8356388  13036 3844424    0    0     0   733 2734 9160 37 14 49  0  0
 1  0      0 8207976  13036 3841880    0    0     0   652 3599 9255 73 17 10  0  0
 8  0      0 8180604  13036 3866228    0    0     0  1499 3738 11196 35 11 54  0  0
 1  0      0 8195476  13036 3839360    0    0     0   295 2350 7103 20  5 75  0  0
 0  0      0 8185444  13036 3876664    0    0     0   422 1881 5533 17  4 78  0  0
 0  0      0 8226824  13036 3838252    0    0     0   445 1727 4571 13  4 82  0  0
 0  0      0 8325764  13036 3815244    0    0     0   641 1179 2466  6  3 91  0  0
 0  0      0 8318384  13036 3817760    0    0     0   305 1539 3981 10  4 85  0  0
 0  0      0 8317880  13036 3813692    0    0     0    42 1105 2516  5  3 93  0  0
 1  0      0 8310072  13036 3822564    0    0     0   384 1424 3567  7  4 90  0  0
 1  0      0 8324824  13036 3811400    0    0     0   243 1332 3286  7  3 89  0  0
 3  0      0 8318284  13036 3812576    0    0     0    23 1296 3326  7  3 90  0  0
 1  0      0 8329260  13036 3807696    0    0     0   807 1560 3973  9  4 87  0  0
 5  0      0 8313164  13036 3804292    0    0     0  1271 1530 3783 10  4 86  0  0
 3  0      0 8309636  13036 3806732    0    0     0   187 1227 2851  7  3 91  0  0
 3  1      0 8312160  13036 3808356    0    0     0   167 1327 3197  7  3 89  0  0
 1  0      0 8310144  13036 3803196    0    0     0   261 1499 3884  8  3 88  0  0
 1  0      0 8332184  13036 3803932    0    0     0   178 1296 2805  7  3 90  0  0
 2  0      0 8329664  13036 3804676    0    0     0   235 1231 2945  6  3 91  0  0
 1  0      0 8322620  13036 3806472    0    0     0   789 1458 3770  8  3 89  0  0
procs -----------memory---------- ---swap-- -----io---- -system-- ------cpu-----
 r  b   swpd   free   buff  cache   si   so    bi    bo   in   cs us sy id wa st
 1  0      0 8321864  13036 3806344    0    0     0   105 1232 2856  6  3 91  0  0
 1  0      0 8321360  13036 3807432    0    0     0   321 1326 3361  7  3 89  0  0
 0  0      0 8315816  13036 3809292    0    0     0   578 1437 3809  7  4 89  0  0
 0  0      0 8315564  13036 3809296    0    0     0     0 1337 3391  7  3 89  0  0
 0  0      0 8312540  13036 3810456    0    0     0   306 1335 3142  7  3 89  0  0
 0  0      0 8298428  13036 3815588    0    0     0   887 1361 3393  7  3 90  0  0
 0  0      0 8299436  13036 3812116    0    0     0     4 1126 2649  5  2 93  0  0
 0  0      0 8298176  13036 3814876    0    0     0   188 1214 2933  5  3 92  0  0
 0  0      0 8313908  13036 3813500    0    0     0   162 1189 2629  7  3 91  0  0
 1  0      0 8309628  13036 3799012    0    0     0   632 1567 4266  7  4 89  0  0
 1  0      0 8326340  13036 3807664    0    0     0   135 1214 3121  6  3 91  0  0
 4  0      0 8324828  13036 3799440    0    0     0   339 1132 2365  6  2 92  0  0
 1  0      0 8319536  13036 3800112    0    0     0   170 1205 2679  7  3 90  0  0
 0  0      0 8318528  13036 3803824    0    0     0     3 1069 2468  5  2 92  0  0
 0  0      0 8310352  13036 3801724    0    0     0   373 1299 3008  7  3 90  0  0
 2  0      0 8308840  13036 3805228    0    0     0     0 1142 2473  6  3 92  0  0
 0  0      0 8305816  13036 3802676    0    0     0   260 1273 2945  6  3 91  0  0
 0  0      0 8239360  13036 3865936    0    0     0   756 2619 7267 25  7 68  0  0
 0  0      0 8234416  13036 3867712    0    0     0    21 2720 9117 24  8 68  0  0
 0  0      0 8260260  13036 3840304    0    0     0    52 1414 3629  8  3 89  0  0
 0  0      0 8277072  13036 3830140    0    0     0    32 1047 2105  6  2 92  0  0
procs -----------memory---------- ---swap-- -----io---- -system-- ------cpu-----
 r  b   swpd   free   buff  cache   si   so    bi    bo   in   cs us sy id wa st
 0  0      0 8293112  13036 3829972    0    0     0     3  840 1544  3  2 95  0  0
 2  0      0 8309396  13036 3829960    0    0     0     0  786 1352  3  2 95  0  0
 0  0      0 8310180  13036 3820964    0    0     0   386  786 1379  3  2 95  0  0
 1  0      0 8325944  13036 3820968    0    0     0     6  912 1752  3  3 94  0  0
 0  0      0 8325692  13036 3820992    0    0     0     1  592 1059  2  1 97  0  0
 1  0      0 8325440  13036 3820968    0    0     0    41  587 1073  2  1 97  0  0
 1  0      0 8315364  13036 3820972    0    0     0     6  673 1223  3  2 95  0  0
 2  0      0 8315112  13036 3816876    0    0     0    42  571 1053  2  1 97  0  0
 1  0      0 8328796  13036 3805684    0    0     0   988  665 1326  2  1 96  0  0
 2  0      0 8327792  13036 3802004    0    0     0     0  573 1059  2  1 97  0  0
 1  0      0 8327540  13036 3802004    0    0     0     0  565 1042  2  1 97  0  0
 2  0      0 8327064  13036 3802008    0    0     0     0  542  998  2  1 98  0  0
 1  0      0 8326812  13036 3802008    0    0     0     3  564 1033  2  1 97  0  0
 2  0      0 8326312  13036 3802008    0    0     0     1  601 1108  2  1 97  0  0
 1  0      0 8325808  13036 3801996    0    0     0   260  624 1114  4  1 95  0  0
 2  0      0 8325304  13036 3801996    0    0     0    30  614 1098  2  1 97  0  0
 1  0      0 8325052  13036 3802040    0    0     0    26  575 1080  2  1 97  0  0
 1  0      0 8324548  13036 3801844    0    0     0     0  787 1227  6  3 91  0  0
 2  0      0 8324296  13036 3801844    0    0     0    14  564 1029  2  1 97  0  0
 0  0      0 8323804  13036 3803032    0    0     0     0  739 1564  4  1 95  0  0
 0  0      0 8323328  13036 3801380    0    0     0     2  981 2336  6  2 92  0  0
procs -----------memory---------- ---swap-- -----io---- -system-- ------cpu-----
 r  b   swpd   free   buff  cache   si   so    bi    bo   in   cs us sy id wa st
 0  0      0 8322828  13036 3801340    0    0     0    24  892 2037  5  2 93  0  0
 0  0      0 8321832  13036 3801316    0    0     0   218  617 1173  3  1 96  0  0
 2  0      0 8321580  13036 3801316    0    0     0     0  563 1022  2  1 97  0  0
 0  0      0 8321328  13036 3801320    0    0     0     2  574 1051  2  1 97  0  0
 0  0      0 8321076  13036 3801320    0    0     0     0  552 1012  2  1 97  0  0
 0  0      0 8320824  13036 3801332    0    0     0     1  590 1086  2  1 97  0  0
 0  0      0 8320096  13036 3800224    0    0     0   161  611 1180  2  1 96  0  0
 1  0      0 8318084  13036 3801360    0    0     0   212  607 1116  3  1 96  0  0
 0  0      0 8317832  13036 3801376    0    0     0    43  630 1103  3  1 96  0  0
 0  0      0 8317328  13036 3801376    0    0     0     0  698 1499  3  1 96  0  0
 0  0      0 8304476  13036 3812836    0    0     0     2  698 1417  3  1 96  0  0
 0  0      0 8313168  13036 3797320    0    0     0    14  719 1487  3  1 96  0  0
 0  0      0 8304852  13036 3805096    0    0     0    64  716 1524  3  1 96  0  0
 0  0      0 8321584  13036 3797280    0    0     0     1  600 1184  3  1 97  0  0
 0  0      0 8325800  13036 3802728    0    0     0   186  662 1404  3  1 96  0  0
 0  0      0 8339312  13036 3797240    0    0     0     0  669 1369  3  1 96  0  0
 1  0      0 8330276  13036 3806436    0    0     0     2  599 1119  2  1 97  0  0
 0  0      0 8336252  13036 3797324    0    0     0     6  677 1367  3  1 95  0  0
 0  0      0 8335496  13036 3797284    0    0     0    28  621 1197  2  1 97  0  0
 0  0      0 8334740  13036 3797124    0    0     0     0  695 1316  3  1 96  0  0
 0  0      0 8348476  13036 3795588    0    0     0     1  703 1502  3  1 96  0  0
procs -----------memory---------- ---swap-- -----io---- -system-- ------cpu-----
 r  b   swpd   free   buff  cache   si   so    bi    bo   in   cs us sy id wa st
 2  0      0 8345704  13036 3797124    0    0     0   154  621 1212  3  1 96  0  0
 0  0      0 8340668  13036 3797252    0    0     0     8  657 1281  3  1 96  0  0
 0  0      0 8329608  13036 3804816    0    0     0     0  786 1765  4  1 95  0  0
 2  0      0 8322052  13036 3816720    0    0     0     6  907 2137  5  2 93  0  0
 1  0      0 8341696  13036 3797128    0    0     0     0  658 1392  3  1 96  0  0
 0  0      0 8329604  13036 3795592    0    0     0     1  675 1395  3  1 96  0  0
 0  0      0 8328348  13036 3797172    0    0     0     7  695 1388  4  1 95  0  0
 0  0      0 8326584  13036 3797132    0    0     0   217  609 1108  2  1 97  0  0
 1  0      0 8325828  13036 3797092    0    0     0     0  616 1154  2  1 97  0  0
 1  0      0 8322552  13036 3797136    0    0     0     9  757 1268  2  1 97  0  0
 0  0      0 8321544  13036 3797136    0    0     0    35  594 1141  2  1 97  0  0
 0  0      0 8333852  13036 3796076    0    0     0    48  723 1466  3  1 96  0  0
 1  0      0 8331084  13036 3797092    0    0     0     0  737 1182 12  1 86  0  0
 1  0      0 8329824  13036 3797136    0    0     0     6  634 1183  2  1 97  0  0
 0  0      0 8329320  13036 3797136    0    0     0   406  618 1142  3  1 96  0  0
 1  0      0 8326804  13036 3801128    0    0     0    69  631 1271  2  1 97  0  0
 0  0      0 8326552  13036 3797208    0    0     0     3  617 1147  2  1 97  0  0
 1  0      0 8325296  13036 3795660    0    0     0     7  665 1305  3  1 96  0  0
 0  0      0 8324288  13036 3797196    0    0     0     0  636 1269  3  1 96  0  0
 1  0      0 8333696  13036 3797156    0    0     0  5106  605 1098  2  2 96  0  0
 0  0      0 8310512  13036 3810004    0    0     0    11  744 1611  4  2 95  0  0
procs -----------memory---------- ---swap-- -----io---- -system-- ------cpu-----
 r  b   swpd   free   buff  cache   si   so    bi    bo   in   cs us sy id wa st
 1  0      0 8315804  13036 3803516    0    0     0     0  734 1552  4  1 96  0  0
 1  0      0 8312276  13036 3797244    0    0     0   311  740 1631  3  1 95  0  0
 0  0      0 8316568  13036 3797244    0    0     0     0 1051 2513  6  2 93  0  0
 1  0      0 8318592  13036 3801200    0    0     0     6  743 1272  4  1 95  0  0
 1  0      0 8335808  13036 3795672    0    0     0     0  628 1222  2  1 97  0  0
 1  0      0 8323016  13036 3808408    0    0     0     2  841 1854  5  1 93  0  0
 1  0      0 8333884  13036 3795672    0    0     0     2  755 1689  3  1 96  0  0
 0  0      0 8310448  13036 3807136    0    0     0   191  798 1759  4  2 94  0  0
 0  0      0 8309696  13036 3795676    0    0     0     0 1030 2640  5  2 93  0  0
 0  0      0 8323552  13036 3797336    0    0     0     6  683 1354  3  2 95  0  0
 0  0      0 8321536  13036 3797252    0    0     0     0  663 1340  2  1 97  0  0
 0  0      0 8319016  13036 3797176    0    0     0     9  607 1138  2  1 97  0  0
 0  0      0 8318512  13036 3797176    0    0     0     2  575 1045  2  1 97  0  0
 0  0      0 8315236  13036 3797216    0    0     0   296  650 1294  3  1 96  0  0
 0  0      0 8311472  13036 3797120    0    0     0    42  690 1385  2  1 96  0  0
 0  0      0 8304168  13036 3807588    0    0     0     2  756 1659  4  1 95  0  0
 1  0      0 8306436  13036 3795588    0    0     0     0  722 1585  3  1 96  0  0
 0  0      0 8376048  13036 3743596    0    0     0   473  842 1963  4  2 94  0  0
 0  0      0 8373056  13036 3739980    0    0     0     8  753 1534  4  2 95  0  0
 0  0      0 8372556  13036 3745624    0    0     0   111 1000 1463  3  1 96  0  0
 0  0      0 8377792  13036 3738524    0    0     0   215  610 1234  2  1 97  0  0
procs -----------memory---------- ---swap-- -----io---- -system-- ------cpu-----
 r  b   swpd   free   buff  cache   si   so    bi    bo   in   cs us sy id wa st
 0  0      0 8376840  13036 3739896    0    0     0     0  701 1447  3  1 96  0  0
 0  0      0 8374320  13036 3739896    0    0     0     0  610 1236  2  1 96  0  0
 0  0      0 8372812  13036 3739860    0    0     0     0  587 1068  2  1 97  0  0
 0  0      0 8375080  13036 3738552    0    0     0     3  665 1397  3  1 96  0  0
 0  0      0 8392344  13036 3739900    0    0     0    20  642 1263  3  1 96  0  0
 0  0      0 8383528  13036 3742748    0    0     0     1  610 1133  3  1 96  0  0
 0  0      0 8380504  13036 3739864    0    0     0   167  605 1122  2  1 97  0  0
 0  0      0 8379496  13036 3739904    0    0     0     0  638 1296  3  1 96  0  0
 0  0      0 8376248  13036 3739904    0    0     0    14  949 2237  6  2 92  0  0
 0  0      0 8389988  13036 3738364    0    0     0     1  726 1488  4  1 95  0  0
 0  0      0 8379404  13036 3739908    0    0     0    33  750 1633  4  1 95  0  0
 1  0      0 8373864  13036 3753324    0    0     0     0  847 1986  4  1 95  0  0
 0  0      0 8392428  13036 3740624    0    0     0     6  716 1477  3  1 95  0  0
 0  0      0 8391420  13036 3739868    0    0     0   174  596 1168  2  1 97  0  0
 0  0      0 8387724  13036 3740628    0    0     0     1  672 1314  3  1 96  0  0
 0  0      0 8387724  13036 3738376    0    0     0   122  716 1509  3  1 96  0  0
 0  0      0 8379408  13036 3754544    0    0     0     7  978 2387  6  2 92  0  0
 0  0      0 8380292  13036 3738548    0    0     0    41  801 1792  4  1 95  0  0
 0  0      0 8389808  13036 3740760    0    0     0   435  854 1885  4  2 93  0  0
 1  0      0 8389556  13036 3740004    0    0     0     0  578 1042  2  1 97  0  0
 1  0      0 8388800  13036 3740008    0    0     0   241  598 1110  2  1 97  0  0
procs -----------memory---------- ---swap-- -----io---- -system-- ------cpu-----
 r  b   swpd   free   buff  cache   si   so    bi    bo   in   cs us sy id wa st
 1  0      0 8388296  13036 3740008    0    0     0     0  600 1070  2  1 96  0  0
 3  0      0 8346228  13036 3783552    0    0     0     0  823 1953  4  2 94  0  0
 1  0      0 8426148  13036 3718788    0    0     0   214 1536 3878 15  6 79  0  0
 1  0      0 8423912  13036 3710760    0    0     0     0  608 1093  3  1 96  0  0
 1  0      0 8418620  13036 3723772    0    0     0   105  609 1097  2  1 96  0  0
 1  0      0 8450404  13036 3710764    0    0     0     0  618 1117  3  1 96  0  0
 1  0      0 8449144  13036 3710768    0    0     0   331  610 1092  2  2 96  0  0
 0  0      0 8448640  13036 3710792    0    0     0    22  613 1142  2  1 96  0  0
 0  0      0 8447180  13036 3709232    0    0     0   176  628 1146  2  1 96  0  0
 1  0      0 8446680  13036 3710796    0    0     0     0  599 1082  2  2 96  0  0
 1  0      0 8446680  13036 3710796    0    0     0     0  588 1073  2  1 96  0  0
 0  0      0 8437860  13036 3710808    0    0     0     0  687 1328  3  3 94  0  0
 1  0      0 8434900  13036 3711568    0    0     0    60  666 1381  3  2 95  0  0
 0  0      0 8452308  13036 3710856    0    0     0   187  647 1195  3  1 96  0  0
 1  0      0 8441976  13036 3710856    0    0     0    10  891 2141  4  2 94  0  0
 0  0      0 8439776  13036 3710896    0    0     0     6  687 1364  3  1 96  0  0
 0  0      0 8440688  13036 3725328    0    0     0    18  768 1739  4  1 95  0  0
 0  0      0 8438672  13036 3710856    0    0     0     0  718 1416  3  1 96  0  0
 0  0      0 8438420  13036 3710820    0    0     0   112  653 1265  3  1 96  0  0
 0  0      0 8437416  13036 3710844    0    0     0     1  560 1025  2  1 97  0  0
 0  0      0 8435904  13036 3710820    0    0     0    96  604 1082  2  1 97  0  0
procs -----------memory---------- ---swap-- -----io---- -system-- ------cpu-----
 r  b   swpd   free   buff  cache   si   so    bi    bo   in   cs us sy id wa st
 0  0      0 8434392  13036 3710820    0    0     0   211  574 1039  2  1 97  0  0
 1  0      0 8431400  13036 3719200    0    0     0     0  667 1399  3  1 96  0  0
 0  0      0 8434424  13036 3710824    0    0     0     0  596 1097  2  1 97  0  0
 1  0      0 8433668  13036 3710864    0    0     0     0  622 1248  2  1 97  0  0
 0  0      0 8419052  13036 3725336    0    0     0     0  668 1358  3  1 96  0  0
 1  0      0 8443016  13036 3719468    0    0     0    37  710 1439  4  2 95  0  0
 1  0      0 8441256  13036 3710828    0    0     0   173  614 1089  2  1 96  0  0
 1  0      0 8440752  13036 3710832    0    0     0     0  600 1084  2  2 96  0  0
 0  0      0 8439240  13036 3710832    0    0     0     1  658 1152  4  1 94  0  0
 0  0      0 8438736  13036 3710856    0    0     0     0  612 1106  2  1 97  0  0
 0  0      0 8437224  13036 3710860    0    0     0    25  594 1067  2  1 96  0  0
 1  0      0 8435464  13036 3710900    0    0     0    78  662 1154  3  4 93  0  0
 1  0      0 8435716  13036 3710900    0    0     0   209  608 1082  2  1 96  0  0
 3  0      0 8435464  13036 3710904    0    0     0     0  594 1060  2  1 97  0  0
 1  0      0 8431684  13036 3714296    0    0     0     0  609 1150  3  1 96  0  0
 1  0      0 8424376  13036 3719268    0    0     0     0  695 1464  3  2 96  0  0
 0  0      0 8431516  13036 3711236    0    0     0     4  665 1435  3  2 96  0  0
 0  0      0 8430428  13036 3711024    0    0     0    31  608 1107  2  1 96  0  0
 0  0      0 8429924  13036 3711024    0    0     0   218  591 1071  3  2 96  0  0
 1  0      0 8422868  13036 3711032    0    0     0     1  661 1245  3  2 95  0  0
 0  0      0 8430440  13036 3714120    0    0     0     2  669 1289  3  2 95  0  0
procs -----------memory---------- ---swap-- -----io---- -system-- ------cpu-----
 r  b   swpd   free   buff  cache   si   so    bi    bo   in   cs us sy id wa st
 2  0      0 8438252  13036 3710932    0    0     0   110  673 1239  3  2 96  0  0
 1  0      0 8448224  13036 3710960    0    0     0     0  617 1144  2  2 96  0  0
 0  0      0 8440440  13036 3710940    0    0     0    41  637 1187  3  2 95  0  0
 0  0      0 8440440  13036 3711068    0    0     0    52  628 1154  3  2 95  0  0
 0  0      0 8437236  13036 3711116    0    0     0   249  659 1335  4  2 95  0  0
 1  0      0 8437236  13036 3710828    0    0     0    18  629 1232  3  1 96  0  0
 2  0      0 8434716  13036 3710992    0    0     0     0  624 1302  3  1 97  0  0
 1  0      0 8432196  13036 3710836    0    0     0     0  630 1315  3  1 96  0  0
 1  0      0 8418084  13036 3725920    0    0     0     0  958 2418  6  2 93  0  0
 0  0      0 8427436  13036 3718748    0    0     0    18 1045 2631  7  2 91  0  0
 1  0      0 8434996  13036 3710960    0    0     0     2  615 1242  3  1 96  0  0
 3  0      0 8413328  13036 3730756    0    0     0     0  624 1278  3  1 96  0  0
 1  0      0 8424668  13036 3711044    0    0     0   181  662 1436  3  1 96  0  0
 1  0      0 8437520  13036 3711004    0    0     0     0  643 1331  2  1 97  0  0
 0  0      0 8437776  13036 3711004    0    0     0     0  633 1259  3  1 96  0  0
 0  0      0 8436516  13036 3711004    0    0     0    31  657 1384  3  1 96  0  0
 2  0      0 8452692  13036 3711008    0    0     0     2  640 1286  2  1 97  0  0
 0  0      0 8446168  13036 3711048    0    0     0     0  881 2103  4  2 94  0  0
 1  0      0 8426264  13036 3730600    0    0     0   160  912 2165  5  2 94  0  0
 1  0      0 8433824  13036 3711520    0    0     0     1  643 1267  3  1 96  0  0
 0  0      0 8433320  13036 3711012    0    0     0     0  794 1796  4  2 94  0  0
procs -----------memory---------- ---swap-- -----io---- -system-- ------cpu-----
 r  b   swpd   free   buff  cache   si   so    bi    bo   in   cs us sy id wa st
 2  0      0 8432312  13036 3711052    0    0     0    12  855 1921  4  2 94  0  0
 2  0      0 8446544  13036 3711012    0    0     0     0  811 1901  4  1 95  0  0
 0  0      0 8444808  13036 3711016    0    0     0     2  856 2018  4  1 94  0  0
 1  0      0 8439012  13036 3725936    0    0     0   296  918 2214  5  2 94  0  0
 1  0      0 8441280  13036 3710852    0    0     0     0  875 2154  4  2 94  0  0
 1  0      0 8440776  13036 3711016    0    0     0    42  652 1338  3  1 96  0  0
 1  0      0 8439768  13036 3711016    0    0     0    81  664 1384  3  1 96  0  0
 2  0      0 8430192  13036 3725652    0    0     0     0  702 1530  3  2 95  0  0
 1  0      0 8430948  13036 3711020    0    0     0     5  660 1373  3  1 96  0  0
 1  0      0 8429944  13036 3718796    0    0     0     6  691 1443  4  1 95  0  0
 0  0      0 8444564  13036 3711024    0    0     0   214  887 2121  4  1 94  0  0
 0  0      0 8426168  13036 3730616    0    0     0    36  829 1899  4  2 94  0  0
 0  0      0 8440028  13036 3711024    0    0     0    77  901 2122  5  2 94  0  0
 1  0      0 8433980  13036 3711024    0    0     0     0  849 2032  4  2 94  0  0
 1  0      0 8437936  13036 3711232    0    0     0     2  686 1417  3  1 96  0  0
 0  0      0 8438216  13036 3725340    0    0     0     1  668 1403  3  1 96  0  0
 0  0      0 8438216  13036 3711068    0    0     0     0  794 1832  4  2 95  0  0
 0  0      0 8439980  13036 3719196    0    0     0     0  841 1938  4  2 94  0  0
 0  0      0 8437460  13036 3719520    0    0     0   207  889 2096  5  2 93  0  0
 0  0      0 8439728  13036 3718808    0    0     0     7  886 1990  5  2 93  0  0
 0  0      0 8447036  13036 3710992    0    0     0     0  609 1162  2  1 97  0  0
procs -----------memory---------- ---swap-- -----io---- -system-- ------cpu-----
 r  b   swpd   free   buff  cache   si   so    bi    bo   in   cs us sy id wa st
 1  0      0 8441016  13036 3719408    0    0     0     6  701 1413  3  2 95  0  0
 1  0      0 8441016  13036 3711020    0    0     0     0  613 1116  2  2 96  0  0
 0  0      0 8441016  13036 3710500    0    0     0     0  749 1530  3  2 95  0  0
 0  0      0 8397976  13036 3768156    0    0     0   186  991 2491  7  3 90  0  0
 1  0      0 8316076  13036 3823952    0    0     0   206 2844 8955 31  7 62  0  0
 0  0      0 8296584  13036 3838604    0    0     0    13 2492 6916 26  7 68  0  0
 1  0      0 8321816  13036 3797276    0    0     0   334 2556 7408 21  7 72  0  0
 3  0      0 8316524  13036 3792080    0    0     0   227 2377 6723 18  5 77  0  0
 5  0      0 8315516  13036 3786136    0    0     0    92 2281 6368 17  5 78  0  0
 1  0      0 8315464  13036 3786780    0    0     0   431 2384 6530 20  5 75  0  0
 1  0      0 8317116  13036 3788584    0    0     0   648 2684 7632 20  7 73  0  0
 2  0      0 8326804  13036 3789200    0    0     0   146 2316 6530 17  5 77  0  0
 1  0      0 8325544  13036 3789628    0    0     0   127 2381 6594 17  6 77  0  0
 2  0      0 8323280  13036 3790020    0    0     0   143 2260 6437 17  6 77  0  0
 1  0      0 8321264  13036 3790784    0    0     0   628 2268 6372 17  5 78  0  0
 1  0      0 8319248  13036 3783132    0    0     0   382 2410 6843 20  5 75  0  0
 0  0      0 8311436  13036 3781144    0    0     0   753 2756 8093 20  7 73  0  0
 0  0      0 8309672  13036 3780668    0    0     0   229 2376 6678 17  6 77  0  0
 0  0      0 8308420  13036 3781160    0    0     0   138 2358 6451 21  5 74  0  0
 1  0      0 8324316  13036 3781984    0    0     0    84 2254 6279 17  5 78  0  0
 2  0      0 8322080  13036 3765768    0    0     0   153 2367 6564 18  5 76  0  0
procs -----------memory---------- ---swap-- -----io---- -system-- ------cpu-----
 r  b   swpd   free   buff  cache   si   so    bi    bo   in   cs us sy id wa st
 0  0      0 8317296  13036 3766732    0    0     0   587 2416 7031 17  6 77  0  0
 1  0      0 8314272  13036 3766984    0    0     0   237 2324 6453 18  6 76  0  0
 1  0      0 8337428  13036 3769988    0    0     0   332 2470 7007 17  6 76  0  0
 1  0      0 8328296  13036 3770368    0    0     0   365 2514 7171 19  6 75  0  0
 5  0      0 8322780  13036 3771952    0    0     0   458 2517 7746 19  6 75  0  0
 1  0      0 8308920  13036 3774780    0    0     0   811 3079 8324 22  8 71  0  0
 2  0      0 8308752  13036 3774780    0    0     0   218 2256 6053 19  5 75  0  0
 1  0      0 8315016  13036 3777496    0    0     0   228 2291 6453 17  5 78  0  0
 0  0      0 8309472  13036 3778416    0    0     0   242 2375 6804 19  5 76  0  0
 0  0      0 8308212  13036 3778304    0    0     0     6 2248 6082 20  4 75  0  0
 1  0      0 8303676  13036 3780920    0    0     0   127 2305 6360 20  5 74  0  0
 0  0      0 8302164  13036 3781236    0    0     0   148 2249 6364 17  6 77  0  0
 1  0      0 8294856  13036 3783508    0    0     0   310 2227 6544 15  5 80  0  0
 0  0      0 8300472  13036 3784384    0    0     0   388 2417 6894 17  6 78  0  0
 1  0      0 8292936  13036 3785568    0    0     0   462 2452 7389 17  6 77  0  0
 4  0      0 8288932  13036 3786396    0    0     0   241 2456 6856 18  6 76  0  0
 0  0      0 8287168  13036 3787092    0    0     0   210 2351 6658 17  6 77  0  0
 0  0      0 8269052  13036 3795924    0    0     0   189 2329 6681 18  6 76  0  0
 0  0      0 8265020  13036 3796712    0    0     0   213 2403 6519 19  6 75  0  0
 0  0      0 8263760  13036 3797156    0    0     0   370 2364 6624 18  5 77  0  0
 1  0      0 8273708  13036 3782540    0    0     0   658 2770 7815 19  7 74  0  0
procs -----------memory---------- ---swap-- -----io---- -system-- ------cpu-----
 r  b   swpd   free   buff  cache   si   so    bi    bo   in   cs us sy id wa st
 0  0      0 8207160  13036 3825160    0    0     0   214 2609 7869 24  7 69  0  0
 0  0      0 8289240  13036 3779544    0    0     0   154 1496 3453 15  3 82  0  0
 0  0      0 8258744  13036 3816496    0    0     0   131 1710 4363 19  4 77  0  0
 0  0      0 8255732  13036 3799948    0    0     0    13 1552 4603 10  4 86  0  0
 1  0      0 8256524  13036 3801524    0    0     0   304 1086 2614  5  2 93  0  0
 0  0      0 8256020  13036 3801508    0    0     0   237  830 1673  3  2 95  0  0
 0  0      0 8303448  13036 3767692    0    0     0     3  916 1774  4  2 94  0  0
 2  0      0 8315688  13036 3765828    0    0     0     5  904 1893  4  2 94  0  0
 0  0      0 8326564  13036 3759528    0    0     0     6  803 1530  3  2 95  0  0
 1  0      0 8316488  13036 3759528    0    0     0     3  641 1227  2  1 97  0  0
 1  0      0 8314752  13036 3759528    0    0     0   189  659 1347  3  1 96  0  0
 1  0      0 8308960  13036 3764396    0    0     0    23  658 1322  3  1 96  0  0
 2  0      0 8315764  13036 3751316    0    0     0   110  672 1302  3  1 97  0  0
 1  0      0 8314252  13036 3749964    0    0     0    41  648 1342  2  1 97  0  0
 2  0      0 8314000  13036 3751336    0    0     0    43  667 1356  3  1 96  0  0
 0  0      0 8314000  13036 3751296    0    0     0     2  578 1033  2  1 97  0  0
 1  0      0 8313748  13036 3751340    0    0     0     1  649 1300  3  1 96  0  0
 0  0      0 8313244  13036 3749968    0    0     0   314  620 1278  3  1 96  0  0
 1  0      0 8313244  13036 3751340    0    0     0     1  662 1481  3  1 96  0  0
 1  0      0 8313748  13036 3751300    0    0     0     2  681 1214  3  1 96  0  0
 1  0      0 8313748  13036 3751300    0    0     0     0  576 1066  2  1 97  0  0
procs -----------memory---------- ---swap-- -----io---- -system-- ------cpu-----
 r  b   swpd   free   buff  cache   si   so    bi    bo   in   cs us sy id wa st
 1  0      0 8313496  13036 3751304    0    0     0     2  556 1022  2  1 97  0  0
 0  0      0 8315008  13036 3751344    0    0     0     1  826 1581  6  1 93  0  0
 0  0      0 8313244  13036 3751344    0    0     0    17  767 1604  5  1 94  0  0
 1  0      0 8329432  13036 3751328    0    0     0   179  591 1089  2  1 97  0  0
 1  0      0 8329180  13036 3749772    0    0     0    24  638 1304  2  1 97  0  0
 1  0      0 8327668  13036 3751372    0    0     0     1  676 1220  3  4 93  0  0
 0  0      0 8329208  13036 3751412    0    0     0    14  622 1265  2  1 97  0  0
 0  0      0 8328204  13036 3751412    0    0     0     2  626 1238  2  1 97  0  0
 1  0      0 8341840  13036 3751416    0    0     0    10  666 1386  3  1 96  0  0
 1  0      0 8341364  13036 3751376    0    0     0     0  578 1050  2  1 97  0  0
 1  0      0 8339852  13036 3749880    0    0     0   182  705 1532  3  1 96  0  0
 0  0      0 8337080  13036 3751416    0    0     0   434  608 1208  2  1 97  0  0
 0  0      0 8336072  13036 3751380    0    0     0     1  569 1051  2  1 97  0  0
 0  0      0 8334564  13036 3751420    0    0     0    43  620 1283  2  1 97  0  0
 1  0      0 8348988  13036 3749888    0    0     0    41  800 1318  3  1 96  0  0
 1  0      0 8346972  13036 3751408    0    0     0     0  599 1143  2  1 97  0  0
 0  0      0 8346216  13036 3749892    0    0     0     0  625 1293  2  1 97  0  0
 0  0      0 8345460  13036 3751428    0    0     0   253  614 1159  2  1 97  0  0
 0  0      0 8334128  13036 3757668    0    0     0     6  654 1253  3  1 95  0  0
 0  0      0 8330348  13036 3751428    0    0     0     1  653 1340  3  1 96  0  0
 0  0      0 8327072  13036 3749896    0    0     0   554  621 1197  2  1 97  0  0
procs -----------memory---------- ---swap-- -----io---- -system-- ------cpu-----
 r  b   swpd   free   buff  cache   si   so    bi    bo   in   cs us sy id wa st
 1  0      0 8324352  13036 3759472    0    0     0    45  700 1465  3  2 95  0  0
 1  0      0 8340544  13036 3751436    0    0     0     0  611 1116  2  1 97  0  0
 0  0      0 8340072  13036 3751436    0    0     0     0  597 1071  2  1 97  0  0
 1  0      0 8339568  13036 3749884    0    0     0   179  591 1082  2  1 97  0  0
 1  0      0 8337060  13036 3751400    0    0     0     0  615 1118  3  2 95  0  0
 0  0      0 8336052  13036 3749888    0    0     0     9  614 1120  2  1 96  0  0
 1  0      0 8335044  13036 3751424    0    0     0    97  602 1111  2  1 96  0  0
 1  0      0 8334792  13036 3751444    0    0     0     0  599 1097  2  1 97  0  0
 0  0      0 8334540  13036 3751428    0    0     0     0  595 1083  2  1 97  0  0
 0  0      0 8334540  13036 3751408    0    0     0     0  617 1093  2  2 96  0  0
 0  0      0 8334288  13036 3751408    0    0     0   227  598 1075  2  1 96  0  0
 0  0      0 8334288  13036 3751432    0    0     0     0  620 1109  2  1 96  0  0
 1  0      0 8334288  13036 3751412    0    0     0     4  600 1076  2  1 96  0  0
 1  0      0 8331768  13036 3751412    0    0     0     0  621 1121  3  1 96  0  0
 0  0      0 8331516  13036 3751440    0    0     0     0  580 1080  2  1 97  0  0
 1  0      0 8331516  13036 3751416    0    0     0     0  611 1098  2  1 96  0  0
 0  0      0 8330508  13036 3751416    0    0     0     0  582 1057  2  1 97  0  0
 0  0      0 8329500  13036 3751464    0    0     0   238  633 1154  2  1 96  0  0
 0  0      0 8328996  13036 3751424    0    0     0    13  611 1127  3  1 96  0  0
 0  0      0 8326480  13036 3751428    0    0     0     2  613 1102  2  1 97  0  0
 1  0      0 8326004  13036 3751452    0    0     0    41  604 1142  2  1 97  0  0
procs -----------memory---------- ---swap-- -----io---- -system-- ------cpu-----
 r  b   swpd   free   buff  cache   si   so    bi    bo   in   cs us sy id wa st
 1  0      0 8326004  13036 3751452    0    0     0     0  612 1105  2  2 96  0  0
 1  0      0 8325500  13036 3751432    0    0     0     0  588 1094  2  1 96  0  0
 0  0      0 8324996  13036 3751472    0    0     0   112  611 1091  2  1 96  0  0
 0  0      0 8323484  13036 3751476    0    0     0   225  614 1117  2  1 96  0  0
 0  0      0 8322476  13036 3751460    0    0     0     3  589 1069  2  1 97  0  0
 0  0      0 8321720  13036 3751440    0    0     0     1  624 1153  2  1 96  0  0
 0  0      0 8321720  13036 3751480    0    0     0     0  578 1060  2  1 97  0  0
 1  0      0 8321720  13036 3751440    0    0     0    31  607 1119  2  1 96  0  0
 1  0      0 8321720  13036 3751468    0    0     0     0  595 1072  2  1 96  0  0
 3  0      0 8321720  13036 3751444    0    0     0   264  602 1105  3  1 96  0  0
 1  0      0 8321472  13036 3751488    0    0     0     2  607 1088  2  1 97  0  0
 0  0      0 8321472  13036 3751448    0    0     0     0  605 1095  2  1 97  0  0
 1  0      0 8321220  13036 3751488    0    0     0     2  602 1072  2  1 96  0  0
 0  0      0 8320716  13036 3751452    0    0     0     0  622 1132  2  2 96  0  0
 0  0      0 8320464  13036 3751492    0    0     0     0  574 1034  2  1 97  0  0
 1  0      0 8320464  13036 3751456    0    0     0    15  608 1112  2  2 96  0  0
 1  0      0 8320464  13036 3751496    0    0     0   182  602 1075  2  1 97  0  0
 0  0      0 8320212  13036 3751456    0    0     0     0  599 1072  2  1 96  0  0
 0  0      0 8319456  13036 3751484    0    0     0     0  593 1052  2  1 96  0  0
 1  0      0 8316936  13036 3751484    0    0     0     0  608 1125  2  1 96  0  0
 0  0      0 8316184  13036 3751504    0    0     0     1  610 1077  2  1 96  0  0
procs -----------memory---------- ---swap-- -----io---- -system-- ------cpu-----
 r  b   swpd   free   buff  cache   si   so    bi    bo   in   cs us sy id wa st
 0  0      0 8316184  13036 3751504    0    0     0   110  632 1138  3  1 96  0  0
 0  0      0 8316184  13036 3751504    0    0     0    28  589 1066  2  1 97  0  0
 1  0      0 8312404  13036 3751508    0    0     0    45  642 1157  3  1 96  0  0
 1  0      0 8310640  13036 3751508    0    0     0   612  609 1079  2  1 96  0  0
 1  0      0 8309132  13036 3751512    0    0     0     0  603 1095  2  1 97  0  0
 1  0      0 8307116  13036 3751512    0    0     0     2  598 1135  3  1 96  0  0
 1  0      0 8323088  13036 3751500    0    0     0     1  628 1202  3  1 96  0  0
 0  0      0 8338148  13036 3751476    0    0     0    73  604 1083  2  1 96  0  0
 0  0      0 8337924  13036 3751516    0    0     0     2  602 1096  2  1 96  0  0
 1  0      0 8336916  13036 3751480    0    0     0   215  597 1070  2  1 96  0  0
 0  0      0 8335404  13036 3751480    0    0     0     0  594 1104  2  1 96  0  0
 1  0      0 8334900  13036 3751480    0    0     0     0  575 1080  2  1 97  0  0
 0  0      0 8332632  13036 3751484    0    0     0     1  602 1133  2  1 96  0  0
 0  0      0 8332632  13036 3751484    0    0     0     9  593 1062  2  1 97  0  0
 1  0      0 8332156  13036 3751488    0    0     0     0  611 1094  2  2 96  0  0
 0  0      0 8332156  13036 3751488    0    0     0     3  584 1055  2  2 96  0  0
 1  0      0 8331400  13036 3751488    0    0     0   214  589 1063  2  1 96  0  0
 2  0      0 8331400  13036 3751492    0    0     0    14  607 1095  2  1 96  0  0
 1  0      0 8329888  13036 3751492    0    0     0     0  606 1119  2  1 96  0  0
 1  0      0 8329888  13036 3751496    0    0     0    23  591 1059  2  1 97  0  0
 1  0      0 8328124  13036 3751336    0    0     0     2  607 1114  2  1 96  0  0
procs -----------memory---------- ---swap-- -----io---- -system-- ------cpu-----
 r  b   swpd   free   buff  cache   si   so    bi    bo   in   cs us sy id wa st
 1  0      0 8340840  13036 3751532    0    0     0     2  832 1729  3  6 91  0  0
 1  0      0 8339860  13036 3751552    0    0     0     0  698 1393  3  3 93  0  0
 1  0      0 8336584  13036 3751596    0    0     0   205  730 1429  3  3 94  0  0
 0  0      0 8334064  13036 3751628    0    0     0   113  753 1483  3  3 93  0  0
 1  0      0 8333560  13036 3751648    0    0     0     8  689 1371  3  3 94  0  0
 1  0      0 8333560  13036 3751608    0    0     0    41  622 1155  3  2 96  0  0
 1  0      0 8333056  13036 3751624    0    0     0    26  686 1313  3  2 95  0  0
 0  0      0 8333056  13036 3751640    0    0     0     0  744 1539  3  3 93  0  0
 2  0      0 8269836  13036 3806680    0    0     0   256 1779 5488 20  7 73  0  0
 2  0      0 8269864  13036 3783364    0    0     0     2 1645 4222 16  5 79  0  0
 2  0      0 8295724  13036 3769480    0    0     0   442 1817 4709 16  7 77  0  0
 3  0      0 8291972  13036 3767424    0    0     0   176 1443 3423 13  5 82  0  0
 3  0      0 8290208  13036 3767832    0    0     0   162 1337 3339 11  5 83  0  0
 2  0      0 8289704  13036 3768196    0    0     0   116 1379 3157 15  4 81  0  0
 1  0      0 8284160  13036 3767828    0    0     0   485 1361 3244 14  3 83  0  0
 1  0      0 8282396  13036 3768528    0    0     0   203 1456 3572 14  6 81  0  0
 0  0      0 8270920  13036 3778100    0    0     0   326 1701 4289 16  6 77  0  0
 5  0      0 8260840  13036 3770080    0    0     0   136 1809 3230 66  6 28  0  0
 3  0      0 8292520  13036 3770664    0    0     0   177 2027 3138 92  6  2  0  0
 3  0      0 8288712  13036 3771384    0    0     0   190 1930 3340 85  6 10  0  0
 4  0      0 8285436  13036 3763688    0    0     0   142 1910 3093 86  2 12  0  0
procs -----------memory---------- ---swap-- -----io---- -system-- ------cpu-----
 r  b   swpd   free   buff  cache   si   so    bi    bo   in   cs us sy id wa st
 2  0      0 8220964  13036 3809744    0    0     0   528 2508 5495 86  7  7  0  0
 2  0      0 8218948  13036 3797584    0    0     0   138 2506 5789 71  8 21  0  0
 1  0      0 8210256  13036 3816264    0    0     0   251 2492 7203 30  9 61  0  0
 0  0      0 8237224  13036 3779748    0    0     0   242 1484 3744 13  6 82  0  0
 2  0      0 8254420  13036 3777176    0    0     0    63 1524 2843 44  6 50  0  0
 5  1      0 8253160  13036 3779552    0    0     0   186 1803 2880 57  4 39  0  0
 1  0      0 8247880  13036 3778820    0    0     0   557 1790 3052 50  3 48  0  0
 1  0      0 8259028  13036 3779344    0    0     0   121 1514 2917 31  5 64  0  0
 0  0      0 8212672  13036 3816804    0    0     0   305 1987 5202 21  7 72  0  0
 1  0      0 8208388  13036 3809920    0    0     0   155 2344 6670 20  9 72  0  0
 0  0      0 8223004  13036 3787736    0    0     0   178 2454 6701 20  8 72  0  0
 3  0      0 8225904  13036 3781756    0    0     0  1340 2826 8166 22  9 69  0  0
10  0      0 8236356  13036 3776180    0    0     0   431 2626 6074 65  7 28  0  0
 9  0      0 8230060  13036 3776856    0    0     0   138 2789 5712 94  6  0  0  0
 4  0      0 8251296  13036 3764544    0    0     0    90 2239 3935 94  6  0  0  0
 3  0      0 8248544  13036 3762984    0    0     0   146 1977 3003 95  5  0  0  0
 1  0      0 8267564  13036 3763392    0    0     0   155 1665 2975 47  4 48  0  0
 0  0      0 8265044  13036 3764016    0    0     0   142 1450 3023 22  5 72  0  0
 1  0      0 8260760  13036 3764692    0    0     0   496 1278 3199  6  5 89  0  0
 0  0      0 8257484  13036 3765304    0    0     0   231 1170 2921  5  3 92  0  0
 7  0      0 8228504  13036 3766184    0    0     0   364 1837 3187 65  8 27  0  0
procs -----------memory---------- ---swap-- -----io---- -system-- ------cpu-----
 r  b   swpd   free   buff  cache   si   so    bi    bo   in   cs us sy id wa st
 5  0      0 8220696  13036 3766852    0    0     0   214 1944 2808 95  5  0  0  0
 5  0      0 8212380  13036 3768380    0    0     0   456 2269 3568 94  6  0  0  0
 4  0      0 8208604  13036 3768872    0    0     0   129 1914 2673 95  5  0  0  0
 3  0      0 8205976  13036 3769340    0    0     0   393 1683 3078 48  4 47  0  0
 1  0      0 8167044  13036 3812432    0    0     0   346 1803 4070 26  5 69  0  0
 1  0      0 8164036  13036 3803280    0    0     0   336 2506 6880 20  8 71  0  0
 0  0      0 8161016  13036 3790036    0    0     0   518 2664 7671 22  9 69  0  0
 6  0      0 8183804  13036 3787268    0    0     0   130 2748 6190 64  8 28  0  0
 4  0      0 8192092  13036 3776912    0    0     0   239 2657 5071 92  8  0  0  0
 5  0      0 8190620  13036 3776840    0    0     0   304 1872 2754 93  5  3  0  0
 3  0      0 8193392  13036 3769784    0    0     0   132 1739 2538 62  2 36  0  0
 1  0      0 8198692  13036 3770280    0    0     0   226 1649 3005 41  5 54  0  0
 1  0      0 8189620  13036 3770748    0    0     0   131 1480 2990 23  5 72  0  0
 0  0      0 8196448  13036 3755296    0    0     0   309 1327 3429  6  5 88  0  0
 0  0      0 8126168  13036 3810480    0    0     0   646 2349 6762 23  9 68  0  0
11  0      0 8108296  13036 3839012    0    0     0   395 2778 6972 61 10 28  0  0
14  0      0 8169580  13036 3783728    0    0     0     3 2766 5590 94  7  0  0  0
 7  0      0 8164544  13036 3781304    0    0     0   355 2574 5424 92  6  2  0  0
 4  0      0 8157992  13036 3781972    0    0     0   181 2490 5643 86  8  5  0  0
 4  0      0 8155220  13036 3783848    0    0     0   160 2551 5602 86  8  6  0  0
 0  0      0 8153024  13036 3797156    0    0     0   245 2588 6584 54  8 38  0  0
procs -----------memory---------- ---swap-- -----io---- -system-- ------cpu-----
 r  b   swpd   free   buff  cache   si   so    bi    bo   in   cs us sy id wa st
 0  0      0 8146220  13036 3797820    0    0     0   222 2442 6870 19  8 73  0  0
 2  0      0 8142440  13036 3782660    0    0     0   417 2351 6537 17  7 75  0  0
11  0      0 8138156  13036 3783560    0    0     0   250 2638 6381 65  6 29  0  0
 6  0      0 8146556  13036 3794340    0    0     0   120 2737 5955 92  8  0  0  0
11  0      0 8132448  13036 3791988    0    0     0   290 2654 6351 79  9 12  0  0
 4  0      0 8136956  13036 3789748    0    0     0   335 2729 6508 71  9 20  0  0
 5  0      0 8128452  13036 3802364    0    0     0   100 2531 6159 72  8 20  0  0
 2  0      0 8126696  13036 3803548    0    0     0   453 2597 6615 51  6 43  0  0
 0  0      0 8116868  13036 3796208    0    0     0   115 2319 6558 18  8 74  0  0
 1  0      0 8112836  13036 3787932    0    0     0   220 2322 6655 18  8 73  0  0
11  0      0 8121064  13036 3800100    0    0     0   465 2791 6910 62 10 28  0  0
 5  0      0 8111516  13036 3808700    0    0     0   144 2694 5786 92  8  0  0  0
12  0      0 8030212  13036 3873464    0    0     0   309 2886 6446 90 10  0  0  0
11  0      0 8050756  13036 3818896    0    0     0  2657 2236 5128 94  6  0  0  0
11  0      0 8092720  13036 3779880    0    0     0  1478 2160 3939 92  8  0  0  0
 1  0      0 8116856  13036 3780272    0    0     0   321 1671 2952 57  6 38  0  0
 0  0      0 8124452  13036 3789556    0    0     0   494 1562 3873  8  7 85  0  0
 0  0      0 8121176  13036 3790080    0    0     0   277 1244 3060  6  5 89  0  0
 6  0      0 8123788  13036 3784540    0    0     0    25 1530 2474 55  4 40  0  0
 5  0      0 8118496  13036 3779768    0    0     0   691 1994 2988 91  3  6  0  0
 3  0      0 8116484  13036 3779808    0    0     0     0 1715 2330 79  5 16  0  0
procs -----------memory---------- ---swap-- -----io---- -system-- ------cpu-----
 r  b   swpd   free   buff  cache   si   so    bi    bo   in   cs us sy id wa st
 2  0      0 8112704  13036 3780576    0    0     0  5452 1781 2834 66  6 28  0  0
 6  0      0 8116256  13036 3788588    0    0     0   126 1716 2835 52  5 43  0  0
 1  0      0 8116572  13036 3789064    0    0     0   139 1506 2915 31  5 64  0  0
 0  0      0 8123908  13036 3785644    0    0     0   214 1391 3208  8  5 87  0  0
 0  0      0 8128268  13036 3787012    0    0     0   608 1456 3644  8  6 86  0  0
 8  0      0 8120456  13036 3780968    0    0     0   438 1792 3399 57  4 39  0  0
 6  0      0 8113400  13036 3781484    0    0     0   225 1891 2672 96  4  0  0  0
 6  0      0 8100052  13036 3789068    0    0     0     6 1791 2290 95  5  0  0  0
 5  0      0 8107492  13036 3789500    0    0     0   114 1878 2581 95  5  0  0  0
 5  0      0 8115208  13036 3790076    0    0     0   184 1943 2717 95  5  0  0  0
 3  0      0 8102512  13036 3783768    0    0     0   485 1935 3708 56  6 38  0  0
 0  0      0 8099868  13036 3784476    0    0     0   206 1762 4025 22  5 73  0  0
 0  0      0 8106204  13036 3786420    0    0     0   228 1425 3541  9  6 85  0  0
 3  0      0 8094628  13036 3786148    0    0     0   420 1888 3779 49  6 46  0  0
 3  0      0 8092120  13036 3787952    0    0     0    26 1698 2364 79  5 16  0  0
 3  0      0 8081536  13036 3789856    0    0     0   377 2046 3430 80  6 14  0  0
 6  0      0 8077268  13036 3789596    0    0     0   420 1840 2895 80  5 14  0  0
 3  0      0 8076764  13036 3787612    0    0     0    67 1618 2525 54  4 42  0  0
 0  0      0 8102356  13036 3774876    0    0     0   559 1416 3560  7  5 88  0  0
 0  0      0 8096072  13036 3774060    0    0     0   278 1339 3170  7  4 88  0  0
 0  0      0 8090036  13036 3777376    0    0     0   745 1380 3408  7  5 87  0  0
procs -----------memory---------- ---swap-- -----io---- -system-- ------cpu-----
 r  b   swpd   free   buff  cache   si   so    bi    bo   in   cs us sy id wa st
 3  0      0 8077216  13036 3774824    0    0     0   154 1931 3158 46  5 49  0  0
 4  0      0 8076460  13036 3775332    0    0     0   224 2238 2938 80  5 15  0  0
 2  0      0 8090652  13036 3775348    0    0     0   240 1682 2410 62  5 33  0  0
 2  0      0 8089404  13036 3776180    0    0     0   192 1796 2940 55  5 40  0  0
 2  0      0 8085124  13036 3776680    0    0     0   298 1431 2563 31  2 66  0  0
 2  0      0 8080616  13036 3778240    0    0     0   435 1793 3787 35  6 59  0  0
 1  0      0 8078600  13036 3778956    0    0     0   195 1397 3121 14  6 80  0  0
 1  0      0 8076080  13036 3779560    0    0     0   158 1323 3021  7  5 88  0  0
 4  0      0 8068520  13036 3786136    0    0     0   436 1578 3013 43  6 51  0  0
 3  0      0 8068772  13036 3781008    0    0     0   217 1910 2986 80  5 14  0  0
 6  0      0 7982348  13036 3861176    0    0     0   188 2260 5113 84  8  9  0  0
 5  0      0 7950288  13036 3865964    0    0     0   564 2894 7333 87 10  3  0  0
 3  0      0 7911384  13036 3855132    0    0     0   645 3033 8206 85 12  3  0  0
 5  0      0 7852604  13036 3862396    0    0     0  1240 3458 9351 75 15 10  0  0
 5  0      0 7613176  13036 3967424    0    0     0  1720 5001 14257 62 24 14  0  0
 9  0      0 7515536  13036 3942768    0    0     0   506 6993 16911 71 27  1  0  0
16  0      0 7438056  13036 3958316    0    0     0   679 8256 21359 69 26  5  0  0
 8  0      0 7476244  13036 3921872    0    0     0   388 3502 8777 87 13  0  0  0
10  0      0 7515940  13036 3896456    0    0     0    37 6281 15126 82 18  0  0  0
 8  0      0 7532648  13036 3904292    0    0     0   276 5955 14454 81 19  0  0  0
 8  0      0 7374496  13036 3964932    0    0     0   645 2966 9017 89 11  0  0  0
procs -----------memory---------- ---swap-- -----io---- -system-- ------cpu-----
 r  b   swpd   free   buff  cache   si   so    bi    bo   in   cs us sy id wa st
 8  0      0 7415100  13036 3945276    0    0     0   483 6177 17074 70 18 12  0  0
 0  0      0 7454044  13036 3898144    0    0     0   717 4287 13410 28 15 57  0  0
 1  0      0 7872744  13036 3878220    0    0     0   926 2615 7145 21 10 69  0  0
 6  0      0 7913760  13036 3835196    0    0     0   187 2310 5232 52  7 40  0  0
10  0      0 7890136  13036 3841088    0    0     0   517 2881 6717 91 10  0  0  0
 6  0      0 7825804  13036 3852096    0    0     0  2173 2981 6926 91  9  0  0  0
 9  0      0 7786500  13036 3834244    0    0     0   340 2713 6483 88 12  0  0  0
 8  0      0 7674028  13036 3890820    0    0     0  1531 3176 8915 84 16  0  0  0
 7  0      0 7598380  13036 3882448    0    0     0   262 3018 7111 76 18  6  0  0
 1  0      0 7619152  13036 3853456    0    0     0   192 2296 6035 32 11 57  0  0
 4  0      0 7633620  13036 3863988    0    0     0   104 1491 3535 10  3 87  0  0
11  0      0 7617344  13036 3883428    0    0     0   436 2083 4631 55  7 38  0  0
 8  0      0 7553800  13036 3902804    0    0     2   155 2412 5376 90 10  0  0  0
 6  0      0 7519984  13036 3884980    0    0     0   548 2423 5264 90 10  0  0  0
 3  0      0 7551420  13036 3871552    0    0     0    16 1951 3517 82  7 11  0  0
 7  0      0 7549416  13036 3874924    0    0     0    31 1902 3892 59  3 38  0  0
 6  0      0 7558972  13036 3898948    0    0     0    95 6629 17796 65 24 11  0  0
 1  0      0 7560512  13036 3869100    0    0     0   362 2589 8481 24 11 65  0  0
 7  0      0 7565576  13036 3886792    0    0     0   229 1963 5252 19  8 73  0  0
 7  0      0 7539204  13036 3870804    0    0     0   315 7145 19699 60 20 21  0  0
 6  0      0 7553196  13036 3851196    0    0     0    81 3052 6636 93  7  0  0  0
procs -----------memory---------- ---swap-- -----io---- -system-- ------cpu-----
 r  b   swpd   free   buff  cache   si   so    bi    bo   in   cs us sy id wa st
10  0      0 7523880  13036 3891172    0    0     0   128 2058 4382 84  4 12  0  0
11  0      0 7464316  13036 3897892    0    0     0    39 2364 7725 85 14  1  0  0
 4  0      0 7470540  13036 3865872    0    0     0    93 6945 18079 67 19 14  0  0
 2  0      0 7489108  13036 3859412    0    0     0   355 1950 5725 13  7 80  0  0
 0  0      0 7490756  13036 3874452    0    0     0    69 1429 4110 10  5 84  0  0
 0  0      0 7927900  13036 3820964    0    0     0   689 1964 5886 15  8 76  0  0
 6  0      0 7955824  13036 3783752    0    0     0    64 1458 2472 46  3 52  0  0
 5  0      0 7956772  13036 3860540    0    0     0   139 2371 4958 92  8  0  0  0
 3  0      0 7981540  13036 3825844    0    0     0     3 2433 3660 94  5  1  0  0
 2  0      0 8020464  13036 3786156    0    0     0  1014 1815 3488 60  6 34  0  0
 1  0      0 8048720  13036 3784620    0    0     0    27 1151 1868 32  4 64  0  0
 0  0      0 8057360  13036 3782040    0    0     0   128  935 1604 14  4 82  0  0
 1  0      0 8056604  13036 3774516    0    0     0     6  655 1185  2  3 95  0  0
 1  0      0 8046056  13036 3774388    0    0     0    28  659 1222  2  2 95  0  0
 3  0      0 8057164  13036 3774920    0    0     0     1 1245 1598 39  7 54  0  0
 3  0      0 8056664  13036 3774972    0    0     0    72 1525 1684 78  4 18  0  0
 3  0      0 8047368  13036 3781820    0    0     0   246 1337 1588 56  3 40  0  0
 2  0      0 8043860  13036 3774244    0    0     0   107 1223 1643 42  4 54  0  0
 1  0      0 8042356  13036 3782508    0    0     0     0  819 1384 12  4 85  0  0
 1  0      0 8068868  13036 3770232    0    0     0     5  762 1421  3  4 93  0  0
 1  0      0 8083008  13036 3762720    0    0     0     6  650 1191  2  2 95  0  0
procs -----------memory---------- ---swap-- -----io---- -system-- ------cpu-----
 r  b   swpd   free   buff  cache   si   so    bi    bo   in   cs us sy id wa st
 1  0      0 8074788  13036 3762540    0    0     0     0  653 1177  2  2 96  0  0
 2  0      0 8079828  13036 3762768    0    0     0   186 1021 1506 25  4 72  0  0
 3  0      0 8070256  13036 3762572    0    0     0    60 1360 1647 53  5 42  0  0
 4  0      0 8077368  13036 3770672    0    0     0     6 1384 1681 53  5 42  0  0
 1  0      0 8066300  13036 3769744    0    0     0     0 1026 1508 28  4 69  0  0
 2  0      0 8062784  13036 3770320    0    0     0    46 1012 1511 28  3 69  0  0
 1  0      0 8077736  13036 3770352    0    0     0     4  852 1416 12  4 84  0  0
 1  0      0 8073212  13036 3763388    0    0     0   245  639 1196  2  2 96  0  0
 0  0      0 8074976  13036 3762852    0    0     0   177  711 1326  3  3 94  0  0
 5  0      0 8071984  13036 3762868    0    0     0     4 1151 1519 44  4 53  0  0
 4  0      0 8067972  13036 3762888    0    0     0     1 1629 1563 96  4  0  0  0
 2  0      0 8056664  13036 3769776    0    0     0   194 1603 1547 91  3  6  0  0
 2  0      0 8068836  13036 3769848    0    0     0     0 1332 1654 53  4 43  0  0
 1  0      0 8076316  13036 3770456    0    0     0     0 1323 1602 52  4 44  0  0
 1  0      0 8079352  13036 3762944    0    0     0    13  776 1100 17  1 83  0  0
 1  0      0 8070536  13036 3762980    0    0     0     0  685 1342  3  3 94  0  0
 0  0      0 8085288  13036 3762340    0    0     0     0  685 1316  2  4 94  0  0
 3  0      0 8072748  13036 3762368    0    0     0    22 1265 1731 37  4 59  0  0
 3  0      0 8070480  13036 3762412    0    0     0   154 1490 1556 77  4 18  0  0
 3  0      0 8069976  13036 3770540    0    0     0     0 1499 1597 77  4 19  0  0
 2  0      0 8069488  13036 3770364    0    0     0    25 1508 1586 77  4 19  0  0
procs -----------memory---------- ---swap-- -----io---- -system-- ------cpu-----
 r  b   swpd   free   buff  cache   si   so    bi    bo   in   cs us sy id wa st
 4  0      0 8084192  13036 3763040    0    0     0     0 1346 1495 55  2 43  0  0
 0  0      0 8072164  13036 3763048    0    0     0     0 1044 1393 32  3 65  0  0
 0  0      0 8071156  13036 3763088    0    0     0    18  737 1379  3  4 94  0  0
 0  0      0 8075276  13036 3763128    0    0     0   186  715 1343  3  4 93  0  0
 3  0      0 8068388  13036 3770028    0    0     0     9 1098 1521 33  4 64  0  0
 3  0      0 8067632  13036 3770060    0    0     0     0 1509 1626 78  4 18  0  0
 4  0      0 8059820  13036 3770668    0    0     0   115 1516 1640 78  4 18  0  0
 3  0      0 8058308  13036 3763168    0    0     0     0 1335 1463 57  3 40  0  0
 2  0      0 8061080  13036 3762548    0    0     0    43 1137 1520 38  2 60  0  0
 1  0      0 8060332  13036 3762500    0    0     0     0  824 1608  8  4 88  0  0
 3  0      0 8064744  13036 3769964    0    0     0   269  820 1677  4  4 92  0  0
 0  0      0 8047860  13036 3776288    0    0     0    22  823 1784  4  1 94  0  0
 4  0      0 8053432  13036 3761972    0    0     0    32 1265 2151 42  2 56  0  0
 3  0      0 8051680  13036 3761920    0    0     0     0 1567 1445 95  1  4  0  0
 3  0      0 8051176  13036 3762572    0    0     0     1 1491 1434 76  1 23  0  0
 4  0      0 8051932  13036 3761900    0    0     0     0 1485 1333 77  1 23  0  0
 3  0      0 8053696  13036 3761944    0    0     0     0 1267 1385 52  1 47  0  0
 1  0      0 8052200  13036 3761920    0    0     0     2 1092 1353 38  1 62  0  0
 1  0      0 8072628  13036 3761976    0    0     0   224  869 1801  9  2 90  0  0
 0  0      0 8072124  13036 3762108    0    0     0     0  567  989  2  1 97  0  0
 5  0      0 8071116  13036 3761944    0    0     0     0 1149 1765 40  2 58  0  0
procs -----------memory---------- ---swap-- -----io---- -system-- ------cpu-----
 r  b   swpd   free   buff  cache   si   so    bi    bo   in   cs us sy id wa st
 6  0      0 8069856  13036 3761708    0    0     0     0 1587 1401 99  1  0  0  0
 3  0      0 8069856  13036 3761908    0    0     0     0 1517 1605 82  1 17  0  0
 2  0      0 8066332  13036 3761788    0    0     0     2 1327 1635 59  1 40  0  0
 2  0      0 8066332  13036 3761968    0    0     0   195  986 1470 27  1 72  0  0
 1  0      0 8065084  13036 3761968    0    0     0     1 1080 1774 29  1 70  0  0
 1  0      0 8061052  13036 3762268    0    0     0     0  787 1392 13  1 86  0  0
 1  0      0 8058532  13036 3761788    0    0     0     0  613 1187  2  1 97  0  0
 3  0      0 8057540  13036 3762592    0    0     0     0  962 1408 30  1 69  0  0
 4  0      0 8071520  13036 3761996    0    0     0     2 1621 2255 80  2 19  0  0
 3  0      0 8067772  13036 3761928    0    0     0     5 1561 1844 78  1 21  0  0
 2  0      0 8065252  13036 3761888    0    0     0   265 1446 1459 73  1 27  0  0
 1  0      0 8064760  13036 3761980    0    0     0    44 1179 1265 37  1 62  0  0
 0  0      0 8061512  13036 3761956    0    0     0     0  773 1251 14  1 85  0  0
 0  0      0 8061512  13036 3762620    0    0     0     0  543  956  2  1 98  0  0
 0  0      0 8060508  13036 3761964    0    0     0   473  613 1135  2  1 97  0  0
 5  0      0 8059500  13036 3762620    0    0     0    21  947 1170 37  1 62  0  0
 6  0      0 8055720  13036 3761980    0    0     0     3 1821 2292 98  2  0  0  0
 5  0      0 8053452  13036 3761984    0    0     0   242 1651 1558 99  1  0  0  0
 3  0      0 8049420  13036 3762140    0    0     0     2 1626 1523 96  1  3  0  0
 1  0      0 8048664  13036 3762624    0    0     0     0 1294 1312 59  1 41  0  0
 0  0      0 8050428  13036 3761856    0    0     0     4  645 1231  3  1 96  0  0
procs -----------memory---------- ---swap-- -----io---- -system-- ------cpu-----
 r  b   swpd   free   buff  cache   si   so    bi    bo   in   cs us sy id wa st
 1  0      0 8049684  13036 3762008    0    0     0    70  621 1249  2  1 97  0  0
 0  0      0 8060088  13036 3763036    0    0     0     0  652 1286  3  1 95  0  0
 5  0      0 8059584  13036 3761972    0    0     0     0  973 1299 36  1 63  0  0
 3  0      0 8057568  13036 3766000    0    0     0   256 1655 1605 96  1  3  0  0
 2  0      0 8054544  13036 3777028    0    0     0     1 1473 1721 69  1 30  0  0
 2  0      0 8068420  13036 3761996    0    0     0     0 1140 1464 39  1 60  0  0
 2  0      0 8067916  13036 3762616    0    0     0    14  887 1098 27  1 73  0  0
 2  0      0 8075380  13036 3762604    0    0     0     4  940 1298 27  1 72  0  0
 1  0      0 8075128  13036 3761976    0    0     0     0  771 1256 13  1 86  0  0
 1  0      0 8063568  13036 3771912    0    0     0     0  634 1196  3  1 96  0  0
 6  0      0 8066624  13036 3776776    0    0     0   215 1056 1603 36  2 62  0  0
 6  0      0 8075628  13036 3771300    0    0     0     2 1740 1975 99  1  0  0  0
 6  0      0 8075880  13036 3762604    0    0     0     1 1586 1338 99  1  0  0  0
