30  0    0  0.15  0.15    undef 
35  5    0  0.14  0.13    undef 
40 10    0  0.13  0.11    undef 
45 15    0  0.12  0.10    undef 
50 20    6  0.91  0.81    undef 
55 25   24  2.76  3.59    undef 
60 30   18  4.14  5.32    10.38 
65 35   10  4.69  5.88    11.15 
70 40   10  5.35  6.37    11.92 
75 45   21  6.93  8.13    12.77 
80 50   16  8.30  9.07    14.46 
85 55   10  8.67  9.18    16.38 
90 60   20  9.58 10.48    15.85 
95 65   10 10.09 10.42    17.08 
100 70   10 10.17 10.37    19.15 
105 75   11  9.35 10.45    20.23 
110 80   22  9.24 11.84    20.85 
115 85   31 11.63 14.14    22.00 
120 90   17 13.10 14.48    23.08 
125 95   34 13.49 16.82    22.08 
130   37 15.05 19.24    23.38 
135   24 16.01 19.81    23.31 
140   29 17.13 20.91    24.15 
145   31 18.48 22.12    24.23 
150   24 19.72 22.35    23.23 
155    7 19.43 20.51    22.92 
160   27 19.07 21.29    21.69 
165    9 18.75 19.82    21.15 
170   22 18.61 20.08    22.31 
175   23 19.52 20.43    22.38 
180   18 19.32 20.14    21.62 
185   13 19.29 19.28    21.31 
190   18 19.83 19.13    22.31 
195   30 19.84 20.43    22.15 
200   39 21.38 22.66    23.77 
205   30 22.79 23.54    24.62 
210   21 22.97 23.24    24.69 
215   20 23.45 22.85    25.00 
220   20 24.29 22.51    25.85 
225   25 22.59 22.81    26.23 
230   30 22.78 23.67    26.31 
235   33 23.36 24.79    25.46 
240   24 24.13 24.70    27.00 
245   22 24.12 24.38    27.62 
250   24 24.34 24.33    28.08 
255   23 24.23 24.17    29.00 
260   31 24.77 24.99    29.31 
265   28 25.03 25.35    29.31 
270   50 27.19 28.31    26.85 
275   29 27.42 28.39    25.08 
280   26 27.62 28.10    24.46 
285   32 28.05 28.57    23.69 
290   29 28.45 28.62    23.46 
295   30 28.73 28.79    22.08 
300    1 28.12 25.46    20.23 
305    1 26.10 22.52    17.77 
310   14 25.29 21.50    16.00 
315   14 24.39 20.60    14.46 
320   20 24.20 20.53    12.54 
325   13 23.30 19.63    11.00 
330    4 21.76 17.75     9.69 
335   18 21.69 17.78    10.31 
340    6 20.68 16.37    11.69 
345    6 19.58 15.13    11.23 
350    7 18.73 14.15    10.54 
355    9 17.95 13.53     9.62 
360   13 17.56 13.47     9.54 
365    9 17.03 12.93     9.62 
370   19 17.19 13.66     8.23 
375    8 16.53 12.98     7.77 
380    5 15.69 12.02     7.77 
385    8 15.15 11.54     8.38 
390   12 15.06 11.60     8.31 
395    5 14.26 10.81     8.15 
400    0 13.75  9.51     8.00 
405    0 13.77  8.37     7.69 
410    6 13.15  8.09     8.23 
415   15 13.22  8.92     9.00 
420    8 13.20  8.81     9.08 
425   11 12.54  9.07     8.77 
430    7 12.18  8.82    10.00 
435   15 11.60  9.56    10.77 
440   15 11.80 10.21    11.77 
445   15 11.97 10.78    12.54 
450    9 12.06 10.57    12.08 
455    8 11.81 10.26    13.00 
460   21 11.35 11.55    13.15 
465   10 11.96 11.36    13.77 
470   13 11.72 11.56    14.77 
475   16 11.74 12.09    14.31 
480    9 11.92 11.72    14.46 
485   20 11.45 12.71    15.38 
490   13 12.14 12.74    16.08 
495   15 12.20 13.01    14.62 
500   28 12.43 14.81    14.38 
505    9 13.68 14.11    14.77 
510   17 13.30 14.46    14.77 
515   21 13.68 15.24    15.46 
520   17 14.26 15.45    14.31 
525    2 14.48 13.84    13.46 
530    7 13.48 13.02    13.85 
535   18 12.96 13.62    12.31 
540   16 13.66 13.91    13.08 
545   18 14.01 14.40    12.08 
550    5 13.28 13.27    12.15 
555    2 12.38 11.92    12.38 
560   20 12.99 12.89    13.38 
565    8 12.59 12.30    13.77 
570   19 13.27 13.10    13.38 
575    4 12.52 12.01    12.85 
580   22 13.28 13.21    12.69 
585   20 13.90 14.02    14.15 
590   15 13.99 14.14    15.15 
595   12 13.83 13.88    14.62 
600   13 13.84 13.77    15.77 
605    9 13.62 13.20    15.77 
610   16 13.81 13.54    16.23 
615   24 14.70 14.80    15.15 
620   15 14.81 14.82    14.15 
625   13 14.74 14.60    13.62 
630   23 15.72 15.61    14.62 
635   19 16.07 16.02    15.00 
640   10 15.66 15.30    15.00 
645    8 15.29 14.42    14.23 
650    7 14.78 13.53    13.77 
655    8 14.40 12.87    13.62 
660   25 15.65 14.33    13.92 
665   18 14.48 14.77    14.08 
670    9 14.68 14.08    14.15 
675    6 13.98 13.11    14.69 
680   18 13.10 13.70    14.08 
685   13 13.26 13.62    13.54 
690   17 13.24 14.03    12.92 
695   25 13.54 15.35    11.00 
700   20 14.13 15.91     9.62 
705   17 14.60 16.04     8.92 
710    0 14.56 14.12     8.46 
715    0 13.39 12.43     7.08 
720    0 12.40 10.94     6.08 
725    0 11.40  9.63     4.77 
730    0 10.49  8.47     2.85 
735    0  9.65  7.45     1.31 
740    0  8.88  6.56     1.38 
745    0  8.17  5.77     2.85 
750    0  7.51  5.08     3.85 
755    0  6.91  4.47     4.31 
760    0  6.36  3.93     5.00 
765    0  5.85  3.46     5.69 
770   18  7.06  5.20     6.08 
775   19  8.42  6.86     6.85 
780   13  8.78  7.60     7.08 
785    6  8.80  7.41     8.46 
790    9  9.22  7.60     9.62 
795    9  9.68  7.77     9.77 
800    5  9.31  7.44    10.92 
805   10  9.44  7.75    10.38 
810    3  9.33  7.18    10.23 
815   18 10.50  8.48     9.38 
820   15 11.42  9.26     9.77 
825    2 11.07  8.39    10.00 
830   15 12.18  9.18    10.69 
835   11 12.25  9.40    10.69 
840   17 13.19 10.31    10.08 
845    2 12.53  9.31    11.08 
850   11 12.65  9.51    10.54 
855   12 12.68  9.81     9.46 
860   18 13.75 10.79    10.23 
865    5 13.13 10.10     9.69 
870    2 12.56  9.13    10.38 
875   16 13.39  9.95    10.23 
880   11 13.52 10.08    10.54 
885    1 12.68  8.99    10.08 
890   12 12.70  9.35    10.31 
895    8 12.49  9.19    10.31 
900   20 13.41 10.49    10.31 
905   15 13.94 11.03    10.77 
910    6 13.94 10.43     9.92 
915    5 13.79  9.78    10.62 
920   15 13.88 10.41    10.54 
925   18 14.69 11.32     9.85 
930    5 14.40 10.56     9.62 
935    8 13.33 10.25     9.00 
940    5 12.90  9.62     7.92 
945   20 12.27 10.87     8.62 
950    0 12.89  9.57     9.46 
955    3 11.85  8.78     8.69 
960    5 10.73  8.33     8.08 
965   12 10.91  8.77     8.23 
970    1 10.11  7.84     8.46 
975   15 10.51  8.70     8.08 
980   16 10.95  9.58     7.77 
985    5 10.47  9.03     8.38 
990   10 10.43  9.15     9.08 
995    7 10.16  8.89    10.15 
1000   11 10.22  9.14    10.31 
1005    0  9.41  8.04    11.31 
1010   16  9.93  9.00    10.31 
1015    8  9.78  8.88    10.38 
1020   12  9.96  9.25    10.69 
1025   19 10.68 10.42    10.00 
1030   14 10.95 10.85     9.77 
1035   14 11.19 11.23    10.08 
1040    2 10.62 10.12    11.54 
1045   17 11.21 10.95    10.46 
1050    9 11.03 10.72    10.38 
1055    1 10.39  9.55    10.38 
1060    4 10.04  8.88     9.77 
1065   15 10.51  9.61     9.85 
1070   19 11.19 10.74    10.08 
1075    2 10.46  9.69    10.54 
1080    7 10.26  9.37    10.00 
1085   12 10.40  9.69    10.15 
1090   11 10.69  9.85    11.00 
1095   15 11.03 10.47    12.08 
1100   17 11.67 11.25    11.77 
1105    8 11.54 10.86    10.69 
1110   10 11.41 10.76    11.23 
1115   11 11.54 10.79    11.54 
1120   12 11.58 10.94    12.23 
1125   18 12.17 11.79    12.46 
1130   11 12.24 11.70    12.31 
1135    5 11.66 10.90    11.85 
1140    9 11.45 10.67    11.46 
1145   11 11.73 10.71    12.08 
1150   21 12.63 11.94    12.54 
1155   14 12.82 12.19    12.31 
1160   13 12.84 12.29    11.69 
1165   11 13.01 12.14    12.15 
1170    3 12.29 11.04    12.31 
1175   18 12.91 11.88    12.62 
1180   17 13.32 12.49    12.38 
1185    9 13.29 12.07    12.08 
1190   10 13.27 11.82    11.00 
1195   17 13.57 12.44    11.54 
1200    7 13.20 11.79    11.15 
1205   13 13.18 11.94    12.15 
1210    8 12.77 11.47    10.85 
1215   17 13.19 12.13     9.85 
1220    0 12.45 10.67    10.38 
1225   20 13.06 11.79    10.77 
1230    6 12.65 11.10    10.85 
1235   16 13.40 11.69    11.38 
1240    1 12.57 10.41    11.38 
1245    4 12.20  9.64    12.38 
1250   16 12.51 10.40    12.23 
1255   15 13.03 10.95    12.69 
1260   18 13.83 11.80    12.31 
1265   14 14.16 12.06    12.85 
1270   13 14.47 12.17    12.23 
1275   21 15.39 13.23    13.77 
1280   15 15.60 13.44    15.00 
1285    6 15.23 12.55    13.92 
1290   15 15.29 12.84    13.15 
1295   13 15.11 12.86    12.54 
1300    8 14.70 12.28    undef 
1305   21 15.20 13.33    undef 
1310   20 16.31 14.13    undef 
1315    2 15.16 12.67    undef 
1320    5 14.59 11.75    undef 
1325   10 14.94 11.54    undef 
