  0    7  0.62  0.62    13.38 
  5   22  2.26  2.33    13.38 
 10   19  3.52  3.66    13.38 
 15    9  3.88  4.08    13.38 
 20   18  4.93  5.19    13.38 
 25    2  4.69  4.93    13.38 
 30   17  5.60  5.89    13.38 
 35   12  6.03  6.37    13.38 
 40   21  7.15  7.54    13.38 
 45   19  8.02  8.45    13.38 
 50    6  7.86  8.25    13.38 
 55    3  7.39  7.83    13.38 
 60   19  8.48  8.72    13.38 
 65   17  9.08  9.38    15.92 
 70   24 10.52 10.54    15.92 
 75   21 11.52 11.37    15.92 
 80   13 11.63 11.50    15.92 
 85    9 11.58 11.30    15.92 
 90   10 11.54 11.19    15.92 
 95   10 11.49 11.09    15.92 
100    8 11.29 10.84    15.92 
105   18 11.91 11.41    15.92 
110   11 11.92 11.37    15.92 
115   21 12.57 12.14    15.92 
120   18 13.24 12.60    15.92 
125   27 14.42 13.75    15.92 
130   25 15.51 14.65    16.84 
135   13 15.23 14.51    16.84 
140   22 15.77 15.10    16.84 
145    7 15.07 14.45    16.84 
150   14 14.98 14.41    16.84 
155   21 15.39 14.93    16.84 
160    9 15.03 14.45    16.84 
165   15 15.35 14.49    16.84 
170   16 15.40 14.61    16.84 
175   19 15.85 14.96    16.84 
180   28 16.91 16.00    16.84 
185    9 16.75 15.44    16.84 
190   21 15.49 15.88    16.84 
195   21 15.61 16.28    10.92 
200   10 15.80 15.77    10.92 
205    7 15.26 15.06    10.92 
210   24 14.20 15.77    10.92 
215   21 14.66 16.18    10.92 
220    6 15.01 15.36    10.92 
225   16 14.21 15.41    10.92 
230    6 14.11 14.65    10.92 
235   12 13.22 14.43    10.92 
240   10 13.04 14.07    10.92 
245    7 12.72 13.50    10.92 
250    1 12.18 12.50    10.92 
255    1 11.20 11.58    10.92 
260    1 10.31 10.73     1.00 
265    1  9.48  9.95     1.00 
270    1  8.72  9.23     1.00 
275    1  8.02  8.57     1.00 
280    1  7.38  7.96     1.00 
285    1  6.79  7.40     1.00 
290    1  6.25  6.88     1.00 
295    1  5.75  6.40     1.00 
300    1  5.28  5.96     1.00 
305    1  4.86  5.56     1.00 
310    1  4.47  5.19     1.00 
315    1  4.11  4.85     1.00 
320    1  3.78  4.54     1.00 
