                  17.7
                  23.6 
                  22.7
                  24.1
                  18.6
                  17.1
                  23.3
                  22.8
                  26.4
                  23.9
                  26.8
                  28.0
                  28.4
                  30.2
                  29.5
                  25.2
                  24.3
                  24.7
                  23.5
                  20.5
                  18.6
                  21.8
                  24.2
                  25.0
                  27.2
                  24.3
                  26.5
                  20.6
                  21.0
                  19.1
                  18.6
                  16.4
                  17.2
                  16.6
                  19.0
                  19.2
                  15.4
                  19.7
                  23.7
